35 0.3029516 0.0035251609374999998 0.3105693921875 0.0374997671875 0.307075225 0.080305084375 0.2965554703125 0.120338409375 0.2820153609375 0.1490510703125 0.261204975 0.169777003125 0.359173865625 0.193163615625 0.3751118625 0.1957837203125 0.3892081265625 0.18462280312499998 0.399981140625 0.16571572343750002 0.40847800625 0.134311259375 0.40657439375 0.10513570781249999 0.39770051562500003 0.084624865625 0.3034399234375 0.0035308437499999997 0.3029516 0.0035251609374999998
41 0.30562936875 0.08590315312499999 0.31001202499999997 0.0524040515625 0.30647117343749997 0.023094853125000002 0.303604884375 0.005712603125 0.3025977890625 0.0035210437499999998 0.22240158906250002 0.0025878765625 0.21754132343750002 0.0101194796875 0.2080067921875 0.0300070546875 0.20037875 0.0588442453125 0.198281675 0.08857262187500001 0.2034306703125 0.1224100859375 0.21313771875 0.1407904421875 0.21773510468750001 0.1490803125 0.2272507671875 0.161728953125 0.23552139374999997 0.1694392703125 0.2457145 0.17378892031249998 0.26142545781250004 0.1711141 0.2829620515625 0.1495680484375 0.2960854046875 0.1220588359375 0.30562936875 0.08590315312499999
20 0.5847855171874999 0.5628999640625 0.680439728125 0.594451915625 0.6947048296875 0.5973751640625 0.7120108203125 0.5913129500000001 0.7237923984375 0.588317375 0.73296095 0.5890657984375001 0.752393915625 0.59329029375 0.777685290625 0.5984327078125 0.7982141203124999 0.605384853125 0.8050905328125 0.6059461703125 0.813620175 0.5943308546875 0.8164340234375 0.5800504671875 0.8132824953125001 0.566162528125 0.7735702859375 0.5519283625 0.744342975 0.5425073671875 0.7361924234375 0.541402346875 0.71819220625 0.523664121875 0.69918054375 0.5102403296875 0.6060455109375 0.4841704078125 0.59782365 0.4839389625 0.5876502109375 0.49146280156250005 0.5798176749999999 0.5066526171875 0.5761772125 0.5270213187499999 0.57777591875 0.54781769375 0.5847855171874999 0.5628999640625
6 0.7358972703125 0.7146198203125 0.72966264375 0.706196303125 0.70939363125 0.72432823125 0.71250295 0.7346951296875 0.7287065203124999 0.721947434375 0.7358972703125 0.7146198203125
6 0.601307903125 0.6108568109375 0.606907296875 0.631100359375 0.6133070875 0.6294242718749999 0.6060929953125 0.6006946281250001 0.601307903125 0.6108568109375
6 0.9259352296875001 0.8013637875 0.9322854546875 0.7477991234375 0.9235156625000001 0.7462038546875001 0.9164748843750001 0.8001518484375 0.9259352296875001 0.8013637875
6 0.8759114359375 0.864994090625 0.8693464843750001 0.8767697828125 0.8754319359375 0.8829826265625 0.8804731671875 0.8737207515625001 0.8834718453124999 0.8612142484374999 0.892571965625 0.8426103093749999 0.8887429953125 0.8370213625 0.8776781859374999 0.8554649234375 0.8759114359375 0.864994090625
11 0.5168225843750001 0.5797768671875 0.49098983125 0.5772284578125 0.47927300468749995 0.5753926234375 0.47310025624999996 0.5823636359375 0.47559688749999995 0.5961981171875 0.47336662656249995 0.6114055421875 0.44842475937500004 0.7513924656250001 0.447426425 0.76362255625 0.4634197453125 0.7776793609375 0.4749939515625 0.781262353125 0.4833649859375 0.7837044718749999 0.4951531203125 0.7846667296875001 0.5063154609375 0.7811809078125 0.5567720656249999 0.6274475546875 0.5631296453125 0.622250428125 0.562562046875 0.6090131125 0.5542492125 0.5977817578125 0.53950093125 0.588663275 0.5168225843750001 0.5797768671875
41 0.490024275 0.6092476984374999 0.5029148296875 0.6168954375 0.5167098640625001 0.6215391109375 0.5321777953125 0.6258796421875 0.5465142078125 0.6279293109374999 0.5569925484375 0.6287846515625 0.5620046828125 0.623917396875 0.5638070875000001 0.6139514390625 0.5659951375000001 0.5952229734375 0.5642960203125 0.5796947953125 0.557976975 0.5642291968750001 0.5502833796875 0.5534880875 0.537357171875 0.5462771375 0.5274915140624999 0.541954215625 0.5183942734375 0.5403322171875 0.5056660046875 0.5428108125 0.49207546406249997 0.5518145125 0.48387326875000003 0.56345655625 0.4773439703125 0.5747954578125001 0.47298673437499994 0.5797161734375 0.47172570937499997 0.587088128125 0.47898489062499994 0.5991128734375 0.490024275 0.6092476984374999
42 0.47288584218749996 0.7384394265625 0.480932309375 0.720628878125 0.4908815875 0.6875841765625 0.568028740625 0.46128065312500005 0.56177156875 0.46120958593749994 0.48367772656249997 0.68699613125 0.4725030765625 0.7269759953125 0.47288584218749996 0.7384394265625
6 0.536913325 0.563828884375 0.5283902375 0.579402028125 0.5325466546875 0.58501770625 0.5425221546875 0.5678043234375 0.536913325 0.563828884375
6 0.5393210609375 0.50202780625 0.5350191453125 0.5183852234375 0.530383228125 0.5307580796875 0.53617033125 0.532549575 0.5452573390625 0.5060299765625 0.5393210609375 0.50202780625
6 0.399893675 0.530219396875 0.40006539375 0.5240776234375 0.3816860828125 0.5190597390625 0.38144305625 0.526075090625 0.399893675 0.530219396875