4 0.6861229671875 0.463807565625 0.7076585875 0.48216957968749996 0.70453755 0.4873293421875 0.6777108578125 0.481610753125 0.6780793843749999 0.49520350156250004 0.6920120703125 0.5152248984375001 0.6832785859375 0.526568128125 0.706867178125 0.5648133375 0.7173524 0.5545297015624999 0.7402093859375001 0.5829093578125 0.7444156953125 0.582752578125 0.745306690625 0.5811413328125 0.7458178 0.58270031875 0.8248578156249999 0.5268076500000001 0.8204190656250001 0.5229913093749999 0.82090800625 0.521814384375 0.8420735390624999 0.530264871875 0.855358028125 0.5200464015625 0.8435204109375001 0.4980361515625 0.809473496875 0.5119799390625001 0.8093221890625 0.5134504609375 0.8082125015624999 0.5124963765625 0.808457690625 0.5168435109375 0.7997424718749999 0.5133638984375 0.8005781265625 0.5123186484375 0.7997499390625 0.511045146875 0.80119129375 0.5104990593750001 0.8036439625 0.50322070625 0.8018253328125 0.495707075 0.792198721875 0.49726589062500004 0.791468053125 0.4983101453125 0.7908234937499999 0.497488578125 0.7020236875 0.36077210625 0.67382065625 0.265192303125 0.6554236046875 0.24982143437499998 0.63066134375 0.208152859375 0.6264317140625 0.2134880609375 0.6236258046875001 0.23991186875 0.6163029343749999 0.24653347656250002 0.6132568453125 0.25495266875 0.6070582796874999 0.2666945140625 0.5987547703125 0.2807645859375 0.605161684375 0.2968751375 0.6164848984375 0.30155359531250003 0.6310494421875 0.299855034375 0.6548169390624999 0.2881825890625 0.7011954984375001 0.3594986078125 0.712096346875 0.43758349062499996 0.686429025 0.4532869578125 0.6861229671875 0.463807565625
4 0.574436784375 0.2238241640625 0.5899501359375 0.22452491874999997 0.5945033546875 0.21682001875 0.60152016875 0.22071901718750003 0.6049962359375 0.21502667031249997 0.6060207906249999 0.1885613921875 0.603517703125 0.1783149921875 0.5927626859374999 0.1716121359375 0.57916890625 0.16620161093750002 0.57583650625 0.184462659375 0.5614408171874999 0.2153711171875 0.574436784375 0.2238241640625
4 0.623867178125 0.2141075671875 0.608405403125 0.20288028281249998 0.6051892640625 0.22589849687500002 0.61719471875 0.24213938281249997 0.6221285484375 0.2388582 0.623867178125 0.2141075671875
4 0.7433043406250001 0.30144951249999996 0.7440502453125 0.2933163765625 0.7338831671875 0.28391037343750003 0.7241537250000001 0.28572149687500004 0.716018053125 0.294022203125 0.7091668640625 0.2931835 0.6980399125 0.3255264703125 0.6987419 0.3364101484375 0.6973510328125 0.3404530171875 0.7122512515625 0.32721572656250003 0.735022790625 0.306011178125 0.7433043406250001 0.30144951249999996
4 0.7193099421875 0.24213939375 0.72960979375 0.2294742140625 0.7306101765624999 0.2213470015625 0.731622646875 0.2040507578125 0.7285020015625 0.19752562812500002 0.7206109374999999 0.2061716328125 0.7193099421875 0.24213939375
4 0.71862208125 0.2920452015625 0.7304586796875 0.27907619375000003 0.7344711078125 0.28120722656249997 0.7276813671875 0.2695026171875 0.7087534 0.2636283078125 0.7125047109375 0.292242390625 0.71862208125 0.2920452015625
4 0.9205017890624999 0.33783706874999997 0.9352494890624999 0.34734970625 0.9654118140625 0.360956846875 0.9612107828124999 0.3302946671875 0.9559325984375 0.3016450359375 0.9377044046874999 0.3154840625 0.9220802421875 0.32734608125000003 0.9205017890624999 0.33783706874999997
4 0.902200059375 0.37171103125 0.9250516 0.38277074375 0.9329404531250001 0.382954396875 0.938614740625 0.3542201359375 0.921055684375 0.3538113609375 0.9045540359375 0.3520687859375 0.9015671812500001 0.35845173125 0.902200059375 0.37171103125
4 0.9300414359375001 0.35130371562499996 0.917773840625 0.32656662187499996 0.9079335859375 0.340940521875 0.907138315625 0.3507705296875 0.9300414359375001 0.35130371562499996
4 0.6547215984375 0.7466460625 0.6574890359375 0.756559009375 0.6762809984375 0.758354903125 0.7067669109375 0.7695923453125 0.715476225 0.77658718125 0.729482446875 0.77657364375 0.7191914500000001 0.7539201890625 0.708917984375 0.739417646875 0.70246170625 0.7250039687500001 0.675088778125 0.7118013703125 0.666177584375 0.7292533375 0.655850328125 0.73410698125 0.6547215984375 0.7466460625
4 0.6693935515625 0.785023296875 0.6794663265625001 0.7801637265625 0.695009296875 0.779846359375 0.714917903125 0.77827220625 0.7070016453125 0.77027701875 0.691117553125 0.764813175 0.66834278125 0.7598681218750001 0.6602586875 0.7576423 0.65816361875 0.7596311515624999 0.6587098546875 0.7671151609375 0.657188428125 0.7843995578125 0.6693935515625 0.785023296875
4 0.6168688984374999 0.7610470390625 0.6270337609375 0.779282703125 0.656454609375 0.7833636609375 0.6567211734375 0.7742005515625 0.6445182640625 0.76474715625 0.6333233953125 0.7556568296874999 0.6188773249999999 0.7532829000000001 0.6168688984374999 0.7610470390625
4 0.6579266734375 0.7677761375000001 0.6566861078125 0.757898734375 0.6373456984375 0.7574484890625001 0.6555672515625 0.7700984390625 0.6579266734375 0.7677761375000001
4 0.64818855 0.7261177187500001 0.618672209375 0.7515801046874999 0.6549244984375 0.7571785156249999 0.6541237843750001 0.74968858125 0.6551066375000001 0.7334104609375001 0.64818855 0.7261177187500001
4 0.621545015625 0.731610334375 0.6052386078125 0.7319099296875 0.6148550234375 0.751491240625 0.6477289546875 0.7244089984375 0.6392543765625 0.718098834375 0.621545015625 0.731610334375
4 0.5770474328125 0.7030664890625 0.5879483296875 0.7135083890625 0.5957680703125 0.7160676609375 0.5991037046875001 0.7239562125 0.6333618671875 0.7193200734375 0.6311922421875 0.7063646046875001 0.63881129375 0.6895617671875 0.64160511875 0.672306990625 0.6217085984375 0.6647121125 0.6107462531250001 0.6651361171875 0.6074599828125 0.65555069375 0.5791733125 0.6562505984375 0.5777407390625 0.6704806234375 0.5607103875 0.66940495 0.56110853125 0.6819795734375 0.56769315625 0.6919813875 0.5770474328125 0.7030664890625
4 0.6424003875000001 0.6624769828125 0.643080415625 0.682869065625 0.644815640625 0.7107570078125 0.6595633421875 0.7202696484375 0.67105881875 0.7015194250000001 0.6708855328125 0.6899688484375 0.66111558125 0.6581582125 0.64455469375 0.6584518828125 0.6424003875000001 0.6624769828125
4 0.687878609375 0.6835723640625 0.6920391296874999 0.68061278125 0.68904904375 0.660846128125 0.6842139406250001 0.6607335671875 0.684362034375 0.6556429500000001 0.666948853125 0.65897321875 0.6663093359375 0.672202896875 0.6731681843749999 0.681531884375 0.6792756828125001 0.681674065625 0.687878609375 0.6835723640625
4 0.682364496875 0.6980469765625 0.6794215625 0.685413109375 0.6720317953125 0.6855806796875 0.6727337828125 0.6964643578125 0.669129371875 0.706568571875 0.6718397875 0.709688109375 0.682364496875 0.6980469765625
4 0.611938646875 0.6329014749999999 0.6185923812499999 0.6405276671875 0.6243740765625 0.651869203125 0.6527572625 0.6566052140624999 0.6659803015625 0.6572526515625 0.67804941875 0.6537979734375 0.6845244234375001 0.632553646875 0.6879237203125 0.6207466328125 0.68798516875 0.609880728125 0.681193215625 0.607005778125 0.6725606734375 0.6061256046875 0.665425384375 0.6062991 0.6645456875 0.6015241625 0.659965065625 0.601417525 0.6558045421875 0.6043771062500001 0.6494721859375 0.6032108765624999 0.6445284828125 0.6068314328125 0.6445141828125001 0.624830121875 0.636832659375 0.6175196093750001 0.626734690625 0.6057379828125 0.6176205953125 0.6126574984375 0.6137387249999999 0.5972849375 0.6038787234375 0.6123375875 0.6082618921875 0.6192317109375 0.611938646875 0.6329014749999999
4 0.5486874 0.64501315625 0.5525912281250001 0.650877309375 0.57322599375 0.6418487671875 0.5652922031250001 0.6257026703124999 0.562423825 0.6280131250000001 0.5589006078125001 0.6265726859375 0.5492479343750001 0.6344984734375 0.5516939984375 0.6379514609375 0.5486874 0.64501315625
4 0.590525125 0.624931675 0.5775740953125 0.6324410734375 0.5799411765625 0.63860905625 0.6093642359375 0.6338603546875 0.6074688359375 0.6202320609374999 0.590525125 0.624931675
4 0.596345290625 0.5999364578125 0.5900798296875001 0.6052242640625 0.579900665625 0.60498729375 0.5680366640625001 0.6101447671875 0.5736922265625 0.6170685140625001 0.5954414234375001 0.613499584375 0.596345290625 0.5999364578125
4 0.5724736218750001 0.597682703125 0.5611854734375 0.6093060625 0.560244325 0.6153970281250001 0.5639430390625 0.6195583859375 0.5718615078125 0.6187239156250001 0.567997171875 0.611502265625 0.5789222406250001 0.6036060984375 0.5724736218750001 0.597682703125
4 0.6874214015625 0.5942458109375 0.6574839375 0.58166271875 0.6528714812499999 0.5914038640625 0.6736597859375 0.5946046484374999 0.6828681828125001 0.6019507078124999 0.6874214015625 0.5942458109375
4 0.42698155781249997 0.19797753125 0.41827122499999997 0.1560034359375 0.4089465671875 0.143900209375 0.39872791093750004 0.1450207359375 0.3917461640625 0.15742355624999999 0.38248397500000003 0.169433684375 0.38119728125 0.1874027546875 0.3960294109375 0.2115203421875 0.4078813265625 0.2155319015625 0.420891590625 0.20598625625000003 0.42698155781249997 0.19797753125