42 0.47380512656249996 0.7946855796875 0.46393727343749996 0.798447590625 0.59941960625 0.8377750875000001 0.60225431875 0.8364813625 0.601876365625 0.8320809562499999 0.47380512656249996 0.7946855796875
42 0.38272388125 0.929565709375 0.512978659375 0.9455719 0.5143768718749999 0.940299078125 0.4694812453125 0.9348345874999999 0.459326090625 0.93780078125 0.447679540625 0.9326726078125 0.3813231375 0.9250759296875 0.38272388125 0.929565709375
42 0.3500253515625 0.83807635 0.381043434375 0.953567903125 0.391247003125 0.9989040125 0.397778321875 0.99870401875 0.388651178125 0.952691253125 0.3759002 0.9094446890624999 0.3574364484375 0.8400084671875 0.3500253515625 0.83807635
42 0.7779109609375 0.59595355 0.7780194890625001 0.5993027953125 0.784209878125 0.5990730078125 0.780935990625 0.5674445640625 0.777679978125 0.535560778125 0.7718714921875 0.4862413390625 0.77059335625 0.47020156718750006 0.76901004375 0.45362131562499997 0.7525471078125 0.4192989609375 0.7484380609375 0.4191968078125 0.7461243171875 0.4228481984375 0.7621556703125 0.45353617812499997 0.7779109609375 0.59595355
42 0.349460078125 0.664873228125 0.41263719375 0.5904964203125 0.40759347031250004 0.5841468843750001 0.33993188750000003 0.66378373125 0.33426373125 0.67125248125 0.335942759375 0.7109625125 0.3455960890625 0.710264609375 0.3437025359375 0.673618690625 0.349460078125 0.664873228125
42 0.11930841562500001 0.7626813718750001 0.09480600156249999 0.7941948140624999 0.096960115625 0.7977228046875 0.1031683828125 0.7972376765625 0.1289617453125 0.761983471875 0.1436703453125 0.7429732687499999 0.16576836718750002 0.7115066328124999 0.17624404375 0.6990629765625 0.1774967078125 0.6860703015625 0.16619615000000001 0.7004971140625 0.143971725 0.7288698499999999 0.11930841562500001 0.7626813718750001
42 0.43481255625 0.234565984375 0.3979000921875 0.22286265156249999 0.39395320312500004 0.225343715625 0.3933798703125 0.228633378125 0.3962516 0.2317102640625 0.5080296609375 0.266654296875 0.5165886890625 0.266888390625 0.5116522296875 0.2590068 0.4991629234375 0.2561171296875 0.43481255625 0.234565984375
42 0.396535753125 0.4971175859375 0.4010406296875 0.5013647999999999 0.40619034843749996 0.50130098125 0.45871048437499995 0.4321586609375 0.4805403484375 0.4045221609375 0.473236515625 0.40105798750000005 0.45863517812500004 0.41853613437500004 0.396535753125 0.4971175859375
42 0.1851834015625 0.7820535984375 0.19187830156250002 0.72072459375 0.18550787500000002 0.71862650625 0.1783111515625 0.7822238031250001 0.1851834015625 0.7820535984375
42 0.139509546875 0.4741443453125 0.137913421875 0.47734463125 0.1960452421875 0.5289240390625001 0.19728129375 0.521068003125 0.1446413890625 0.47433587031249996 0.139509546875 0.4741443453125
42 0.0992455109375 0.33883391875 0.061584740625 0.34761756718750003 0.040699832812499996 0.3519583171875 0.0458329390625 0.357031140625 0.081717546875 0.34911990312499996 0.12707544531249998 0.33818289375 0.1447834484375 0.3302247828125 0.12397004687499999 0.33354415937500004 0.0992455109375 0.33883391875
42 0.36251669531249997 0.5028796953125 0.36120786875 0.5068758 0.366232446875 0.50859938125 0.3893762015625 0.49649197031250003 0.4461303734375 0.49425792656249995 0.437516446875 0.48990856093749996 0.38944644375 0.49058930156249997 0.3803498375 0.493134184375 0.36251669531249997 0.5028796953125
42 0.3807322015625 0.2378043859375 0.38494993437499997 0.17266225625 0.37814919062499996 0.171811090625 0.373195965625 0.23765966249999998 0.3807322015625 0.2378043859375
42 0.372419346875 0.3565386484375 0.3721640046875 0.34058825000000004 0.3659008390625 0.33695810625 0.365725865625 0.354155428125 0.372419346875 0.3565386484375
42 0.3902491515625 0.12636866875 0.38452356875000004 0.11995955 0.28255309375 0.1948000890625 0.28802713281250003 0.1999027046875 0.3902491515625 0.12636866875
42 0.40300646249999994 0.1940217265625 0.41002299531249997 0.19669008125 0.4307036609375 0.1658703078125 0.44797628281249996 0.139633921875 0.44146157343750003 0.134697275 0.4035261640625 0.1914980921875 0.40300646249999994 0.1940217265625
42 0.017697059374999997 0.3636109453125 0.018854071875 0.36442381875 0.01893289375 0.362773059375 0.02020560625 0.3636672203125 0.060751642187499996 0.34096923437500004 0.0603806453125 0.34031902187499996 0.062103176562499994 0.3402126359375 0.089193821875 0.3256241609375 0.0865187390625 0.3197385046875 0.059715395312499996 0.335122796875 0.0535362265625 0.33931223125 0.0552130484375 0.34063818125 0.053490517187499996 0.3407445671875 0.052300395312500005 0.3401501171875 0.051767985937500004 0.3408509546875 0.05004545312499999 0.340957340625 0.049828728125 0.34182589218750004 0.048702728125 0.3416986140625 0.04859289375 0.34266377812500004 0.0473600046875 0.3424398859375 0.0473570609375 0.3435016640625 0.04601728125 0.3431811578125 0.0461212265625 0.34433955156249996 0.044674556250000004 0.34392243125 0.04488539375 0.3451774390625 0.0433318328125 0.344663703125 0.008298934375 0.36400417812499997 0.0078549734375 0.3703453625 0.008041795312499999 0.370476615625 0.009046225 0.36947615312500004 0.0093933296875 0.3697200140625 0.0102820578125 0.368638265625 0.0107448640625 0.3689634140625 0.0115178921875 0.3678003796875 0.0120963984375 0.368206815625 0.012753724999999999 0.36696249375 0.013447932812499999 0.3674502171875 0.013989559374999998 0.3661246078125 0.014799467187500002 0.36669361562499997 0.0152253921875 0.365286721875 0.016151003125 0.3659370171875 0.0164612265625 0.36444883125 0.017502537500000002 0.3651804171875 0.017697059374999997 0.3636109453125
42 0.09709250781249999 0.40878075156250004 0.10018003125 0.4136748265625 0.141054728125 0.41287915625 0.1429917859375 0.4097086609375 0.1372674671875 0.40818084062500004 0.09709250781249999 0.40878075156250004
42 0.0919250671875 0.3405063859375 0.11390427656249999 0.335233640625 0.0154135109375 0.3358758984375 0.0157557078125 0.3407869890625 0.0919250671875 0.3405063859375
42 0.1403526109375 0.33471879375 0.13382129062499998 0.3349187890625 0.1242586125 0.3392212765625 0.14105361562500002 0.3394043328125 0.1403526109375 0.33471879375
42 0.4102701265625 0.45772678906250003 0.41830565468750003 0.44584062187500006 0.421208078125 0.4288816296875 0.40303906874999995 0.45812254374999994 0.4102701265625 0.45772678906250003
42 0.165487396875 0.735117309375 0.17400560781250002 0.7163368921875 0.167993990625 0.714013253125 0.1592970078125 0.73534709375 0.165487396875 0.735117309375
42 0.3161000953125 0.5828315421875 0.3065540265625 0.5819973890625 0.3077211015625 0.584925321875 0.3704166484375 0.5909175859375 0.36836979687500004 0.5858575390625 0.3608514375 0.585457475 0.34631781250000004 0.5872703546875 0.3363593046875 0.58742778125 0.3161000953125 0.5828315421875
42 0.1397144078125 0.22624926875 0.1460797703125 0.20882216250000002 0.1393505359375 0.20694962499999997 0.1316393265625 0.2240022265625 0.1397144078125 0.22624926875
39 0.2063926296875 0.7828792828125 0.20848931718750002 0.7725294046875 0.21359568437499998 0.7436884796875 0.19070094375 0.7473397953124999 0.1865828796875 0.7816620765625 0.17865208125 0.7822535937499999 0.1812634046875 0.7498548859375 0.16942400468750002 0.762179378125 0.163202925 0.78244504375 0.16837431875 0.79676978125 0.17171465156250001 0.8078516609375 0.17691926875 0.811903115625 0.1874191515625 0.823610609375 0.1900763578125 0.8297516078125 0.198815421875 0.8323135765625 0.2049433203125 0.7986807265625 0.2063926296875 0.7828792828125
39 0.2029621078125 0.5624122421875 0.20872471250000002 0.5731919734375001 0.2192245953125 0.58489946875 0.2336177375 0.5948919265625 0.23490868593749997 0.5911511625 0.23968172031249999 0.5915682390625 0.240578109375 0.5885637109374999 0.24409468125 0.58732956875 0.2467314765625 0.5839633109375 0.24987009843750002 0.5783287625 0.2515377328125 0.5741071062499999 0.25894756406249997 0.5711579265625 0.26445609062500003 0.5708685578125 0.261565215625 0.5631657109375 0.26045050625 0.5545904546875 0.2619725921875 0.5426489375 0.2653244734375 0.5290689828125 0.26679292656250003 0.51789349375 0.2672041 0.5120206171875 0.271185478125 0.5041475671875 0.2592886484375 0.502594190625 0.2472321890625 0.508220196875 0.23375837656249998 0.5144930624999999 0.22142996250000002 0.5093053109375 0.2122452375 0.5180082031250001 0.20802765937499998 0.51455680625 0.2003662828125 0.5161994828124999 0.1973170484375 0.5205573171875 0.196171646875 0.5320179406250001 0.195275259375 0.5350224671875 0.1984342890625 0.5388951734375 0.2019329859375 0.5379163734375 0.19976479062500002 0.5492876234375 0.2029621078125 0.5624122421875
39 0.2174468578125 0.7180776343749999 0.19839174375 0.7207799421875001 0.2129661890625 0.737981571875 0.2174468578125 0.7180776343749999
39 0.3437204140625 0.6733633484375 0.3459370203125 0.7102944015625 0.33592488125000003 0.71121785625 0.335472890625 0.6980762234375 0.32936160625 0.7265724328125 0.32240883125 0.7621884390625 0.3316484546875 0.7576008171875 0.3363129609375 0.7546686499999999 0.338930615625 0.7466764375 0.338570540625 0.7420206890625 0.34384413281250004 0.7352881765625 0.3464272984375 0.7326879468749999 0.34961828437500003 0.7214060718749999 0.3555724734375 0.7098518421875 0.355513778125 0.6910926749999999 0.3566962 0.6840026671875 0.359620296875 0.681432228125 0.3625227171875 0.6644732375 0.3505007484375 0.664707259375 0.3437204140625 0.6733633484375
39 0.3518546515625 0.4885889828125 0.330610934375 0.4931552859375 0.2983156734375 0.503692303125 0.3214274734375 0.5067394765625 0.33881495156249997 0.5082588265625 0.35171669843750003 0.51015691875 0.36216041875 0.5128678437499999 0.37431006093749997 0.520609021875 0.37890179218750003 0.5138169265625 0.382200040625 0.5010029984375 0.366573378125 0.508629171875 0.3608848140625 0.5065906671875 0.3618705875 0.502309428125 0.3753980328125 0.49527053125 0.3739794109375 0.49103609531250003 0.3518546515625 0.4885889828125
39 0.20344210468749999 0.614348921875 0.20859055781250002 0.60940380625 0.218298784375 0.6128211734375 0.22343062656249998 0.6130127 0.23057103437499998 0.609012359375 0.23290012187500003 0.5953430281250001 0.218883665625 0.5848696765625 0.20737886562500002 0.5728174671875 0.2021372296875 0.5643954 0.19555354375 0.5702427203125 0.1882892625 0.5809117578125 0.181367178125 0.5964918859375 0.1753069921875 0.6144594703124999 0.16908338125 0.6249625359375 0.16838490781249998 0.6300395953125 0.1702696 0.6325164265625001 0.17430587343749998 0.6287586484375 0.174143715625 0.626175434375 0.18437037812499998 0.6221878703125 0.186058421875 0.6274734671875 0.192195178125 0.6280097078125 0.20069931093750001 0.62412853125 0.20344210468749999 0.614348921875
39 0.15236967031249998 0.24636605312499998 0.15197384375 0.24222099218749998 0.1437199921875 0.242527371875 0.1267615609375 0.23487980312499998 0.1198893109375 0.2350500046875 0.107489390625 0.23088362187499997 0.1037940453125 0.2346711890625 0.1140794046875 0.24944279531250002 0.1319687109375 0.24869385312499998 0.1397909796875 0.24475309531249997 0.15236967031249998 0.24636605312499998
6 0.69328968125 0.663061528125 0.6980805921875 0.6632232625000001 0.7108163796875 0.6478942421875 0.7111917984375 0.64253205 0.7046426015625 0.6429873890625 0.6896824578125 0.660691084375 0.69328968125 0.663061528125
29 0.7671036765625 0.43675593125 0.7634977171874999 0.4392667875 0.76698106875 0.44830592812500003 0.7765450125 0.44888473749999996 0.783094209375 0.44842940000000003 0.784726090625 0.4447184296875 0.7814227781249999 0.43800716250000005 0.7747114203125001 0.4358792828125 0.7671036765625 0.43675593125
57 0.7689586359375 0.6013369921875 0.7522172625 0.6003879078125001 0.78428645 0.6175768328125 0.7936894999999999 0.620453725 0.8046350468749999 0.620896359375 0.8232573125 0.609678375 0.8423814046875 0.5961921 0.852874959375 0.5834931015625 0.8599247140624999 0.575888175 0.8582903015625 0.5698365484375 0.8364860640625 0.5579119734375 0.8216153046875 0.5743389578125 0.8073893859375 0.5864549140624999 0.7907948296875 0.5981069859375 0.778217403125 0.601375325 0.7689586359375 0.6013369921875