4 0.5320772781249999 0.672415021875 0.5145390109375 0.6952911171875 0.5090627984375 0.6923028734375001 0.5133229828125 0.664523759375 0.4994097375 0.6654705187500001 0.47971611249999996 0.6806109250000001 0.4675653609375 0.6721195953125 0.42976551562500004 0.6979347406249999 0.44093461562499997 0.7082686953125 0.41320521406250005 0.7329202171875 0.413617209375 0.737231809375 0.4153222796875 0.7380791140625 0.4137545421875 0.73866900625 0.4757770734375 0.8174731890625001 0.4794244296875 0.8127568234375 0.4806602171875 0.813209546875 0.47326112499999995 0.8352912265624999 0.48453063125 0.8485016015625 0.5063883734375 0.835428796875 0.49005942812500003 0.8010597484374999 0.48854281562499996 0.8009659125 0.48945465312499997 0.7997868218749999 0.485012625 0.8002203234374999 0.4880593109375 0.791127865625 0.48918081874999997 0.79194203125 0.4904369359375 0.791038565625 0.49108288437500003 0.7924954078125 0.49869114843749995 0.794708915625 0.506285471875 0.7925277187499999 0.50411233125 0.7827103421875 0.502998115625 0.782003915625 0.50380188125 0.7813078609375 0.6386588640624999 0.6844296828124999 0.734962378125 0.6514797328124999 0.7496216109375 0.63195074375 0.7908609734375001 0.6047875625 0.785138675 0.6006685843749999 0.7578814281249999 0.5988930859375 0.7506555359375 0.5916524234375 0.7418422359375 0.5888774265625 0.729434246875 0.58300508125 0.7145136234375 0.5750691921875 0.6983798359375 0.58232018125 0.6942598859375 0.5941401078124999 0.6968712640625 0.609020865625 0.710257590625 0.6329321703125 0.63991498125 0.6835262156249999 0.5605136734375 0.6979823281249999 0.5428812656249999 0.6722892546875 0.5320772781249999 0.672415021875
4 0.7714361937499999 0.54772344375 0.771644475 0.563678575 0.779815509375 0.56803064375 0.776237415625 0.5753970749999999 0.78228084375 0.578727515625 0.8094741984375 0.5786725625 0.8198292640625 0.5756744296875 0.8260585656250001 0.5643531484375 0.8307933984375 0.5501716703125 0.81187314375 0.5475143265625 0.779325921875 0.534028440625 0.7714361937499999 0.54772344375
4 0.784350365625 0.59806176875 0.7949369453124999 0.5817193781250001 0.7711465984375 0.579380325 0.7552136234375 0.5923841609375 0.758872209375 0.59731195625 0.784350365625 0.59806176875
4 0.7019421828125 0.7243271078125 0.7103248171875001 0.7247527265625 0.7193605 0.713921975 0.7169225484374999 0.7040095828124999 0.7079266921875 0.696004725 0.7083772734375 0.6889363000000001 0.6745546499999999 0.67886605 0.663438659375 0.680041846875 0.6592108328124999 0.678783065625 0.673671746875 0.6935258859375 0.6967708734375 0.71601613125 0.7019421828125 0.7243271078125
4 0.7613134921875 0.69721445625 0.774913075 0.707258515625 0.783304834375 0.7079456265624999 0.8010973921875 0.70826170625 0.8076005281249999 0.7047852140625 0.7982652859375 0.69704590625 0.7613134921875 0.69721445625
4 0.7101090640625001 0.6985953140625 0.7241119296875 0.7102042734375 0.72216688125 0.7144125046875 0.7337608359375001 0.7069527609375 0.7386524999999999 0.687275875 0.7095414796874999 0.6923235375 0.7101090640625001 0.6985953140625
4 0.6752226718750001 0.9077576234375 0.6663512890625001 0.9232952484375 0.6542030296875 0.9548285734374999 0.6853868875 0.949233584375 0.7144431390625 0.942616965625 0.6991665312500001 0.9244828484375001 0.686072296875 0.9089393187500001 0.6752226718750001 0.9077576234375
4 0.6394018906250001 0.8903858546875 0.6294285375 0.914307484375 0.6297115 0.9224137671875001 0.6595087640624999 0.9270372890624999 0.65887894375 0.9089942734375 0.6596796984375 0.891981 0.6529574921875 0.889181659375 0.6394018906250001 0.8903858546875
4 0.6619865421875 0.9181140734375 0.6866141546875 0.9044858265625001 0.67129025 0.8949850343750001 0.6611650390625 0.8945797015625001 0.6619865421875 0.9181140734375
4 0.2402360265625 0.65200675 0.23023860468750001 0.6552623203125 0.2295200015625 0.6746290296875 0.21982048125000003 0.7063954484375 0.2131696421875 0.71562884375 0.2140201875 0.7300069 0.2366297265625 0.7184949421875 0.25088401875 0.7073418421875 0.2652752265625 0.7001111359375 0.277175375 0.6714582921875001 0.258751340625 0.6630399859375 0.253158490625 0.6526411203125 0.2402360265625 0.65200675
4 0.201768190625 0.6686736984375 0.20735191249999999 0.678811071875 0.208605740625 0.69475403125 0.21140880625 0.715126140625 0.2191325765625 0.70666505625 0.223785259375 0.6901301421875 0.22749446093749998 0.66654303125 0.2292934640625 0.6581509125 0.22712934687500003 0.6560833109375 0.219489384375 0.6569570453125 0.201678571875 0.656117978125 0.201768190625 0.6686736984375
4 0.22321102812500002 0.6137498453125 0.205123065625 0.624947571875 0.202696734375 0.6553213296875 0.21210666093750002 0.6552117890625 0.22106932031249998 0.64228909375 0.22971997656249998 0.6304164265625001 0.231290784375 0.615486984375 0.22321102812500002 0.6137498453125
4 0.2187649703125 0.6561806796874999 0.228817159375 0.6544940671874999 0.22812344375000002 0.6346206 0.21624320937500002 0.6538556390625 0.2187649703125 0.6561806796874999
4 0.2608913890625 0.6444415265625001 0.23302423593750002 0.6152052046875001 0.2294502953125 0.652655503125 0.2370811296875 0.6515202765625 0.2538281375 0.6518485265625 0.2608913890625 0.6444415265625001
4 0.2536688125 0.6173192796875 0.2523876 0.6005918421875001 0.23288731718750003 0.6112828125 0.26261571250000004 0.64389825625 0.2685786484375 0.6349344671875 0.2536688125 0.6173192796875
4 0.28027383281249996 0.570444909375 0.27021998593749996 0.5820723109375 0.2680633375 0.5902069937500001 0.2601752671875 0.59396120625 0.26697464531250004 0.62893635625 0.280126965625 0.6261672625 0.29780833125 0.6332862140625 0.31566478125 0.6354327453125 0.3222625140625 0.6146896 0.3211729859375 0.6034535156249999 0.3308036359375 0.5996790171875 0.3283963828125 0.5706695234375 0.3137222125 0.5697939437499999 0.3138076796875 0.5522658 0.3009399828125 0.5532003890625 0.291079478125 0.5603783531250001 0.28027383281249996 0.570444909375
4 0.3257899921875 0.6358380765625 0.30492468906250003 0.6373889625 0.2764376796875 0.6403365671875 0.267566296875 0.6558741921875 0.2874756734375 0.6668912 0.299306953125 0.666230275 0.33133554374999996 0.6548702703125 0.3300452046875 0.6378813390625 0.3257899921875 0.6358380765625
4 0.3068797046875 0.6834076734375001 0.3101623890625 0.6875550500000001 0.3302485109375 0.6836588406249999 0.3300750828125 0.6786904734375 0.33530281875 0.6786296187499999 0.330848453125 0.6608927234374999 0.3172472125 0.6607894515625 0.3080928671875 0.66822079375 0.3083119359375 0.6744966265625 0.3068797046875 0.6834076734375001
4 0.291710971875 0.6783522640624999 0.3044873921875 0.674802746875 0.3038741671875 0.66722350625 0.29275817656249997 0.6683993015625 0.28218404218750004 0.665121603125 0.2791478078125 0.6680345390625 0.291710971875 0.6783522640624999
4 0.35429110625 0.6033295953125 0.34687021093750003 0.610479159375 0.3355882625 0.616888871875 0.3324283890625 0.6462247718749999 0.3325545203125 0.6598264656249999 0.3368172015625 0.672072009375 0.35898363125 0.6778307578125 0.371291215625 0.6808266781250001 0.382434590625 0.6804353609375 0.384976265625 0.6733425953125 0.38536295 0.6644437187500001 0.38475885625 0.657125971875 0.3896015625 0.6560232015625 0.3894372625 0.6513163265624999 0.386154575 0.647168953125 0.38697192812500003 0.6406194562499999 0.382964825 0.6356957171875 0.3645117484375 0.636433721875 0.371547615625 0.62824224375 0.383022909375 0.6173830921875 0.3753846046875 0.608316034375 0.3909126375 0.6036880890625 0.3748917015625 0.5941954140625 0.3680856890625 0.5989834265625 0.35429110625 0.6033295953125
4 0.33809590312500004 0.538903103125 0.3323171828125 0.5431559609375001 0.34280584687500004 0.5639618046875 0.3588848671875 0.55514185625 0.3563448515625 0.5522938328125 0.357611125 0.548616703125 0.3489090203125 0.5390388296874999 0.345515140625 0.5416943296875 0.33809590312500004 0.538903103125
4 0.3611825859375 0.5810134359375 0.35271033281249997 0.5680320953125 0.346528328125 0.5707200515624999 0.3531542796875 0.600726834375 0.367012759375 0.59821111875 0.3611825859375 0.5810134359375
4 0.38715530625 0.585943078125 0.3813599875 0.5797321578125 0.380994875 0.5692724375 0.37499874218749996 0.557308671875 0.36823836718749997 0.56340415 0.3731964203125 0.585582371875 0.38715530625 0.585943078125
4 0.38803986875 0.5613424515625 0.3754493203125 0.550240246875 0.3691486546875 0.54952879375 0.365103384375 0.5534998718749999 0.3664318953125 0.5615939859375 0.373604678125 0.5573249 0.382352425 0.5682102390625 0.38803986875 0.5613424515625
4 0.39842980156249996 0.6792027671875001 0.4095416390625 0.64794310625 0.39927951093749997 0.643615378125 0.39723986718750004 0.665090259375 0.390258765625 0.6748506984375 0.39842980156249996 0.6792027671875001
4 0.7891258328124999 0.39526675624999996 0.8316372828124999 0.38456951875 0.843488475 0.374490790625 0.8417293000000001 0.3640472984375 0.8285968953125 0.357398590625 0.815730853125 0.3483923859375 0.7972321375 0.3478229265625 0.773392834375 0.364057990625 0.7699881703125 0.3763927890625 0.7805515171875 0.3893497859375 0.7891258328124999 0.39526675624999996