6 0.39533489374999997 0.9035492703125 0.37067400156249997 0.8966074984375 0.3670724234375 0.9021429718749999 0.391256321875 0.9079525140625 0.39533489374999997 0.9035492703125
6 0.34668937187500004 0.8672699843749999 0.35189464375 0.8698527015625 0.363110309375 0.8601141625000001 0.36449907187499997 0.8567995734375 0.358902884375 0.8570256374999999 0.34668937187500004 0.8672699843749999
6 0.41678689999999996 0.7771206046875 0.41188427499999997 0.7804301406249999 0.41071099375 0.792017 0.41639380625 0.7925714328125 0.42203385156250006 0.7895751078125001 0.4226213109375 0.779040909375 0.41678689999999996 0.7771206046875
6 0.42210536249999997 0.752234340625 0.4285900234375 0.7568478703125 0.43494583281250004 0.753969628125 0.43212662812499997 0.750727025 0.42503448437499997 0.7469710328125 0.41124002031250007 0.7429712875 0.40828978281249995 0.7448789609375 0.42210536249999997 0.752234340625
6 0.530507740625 0.66533958125 0.5202915609375001 0.665090778125 0.5160397359375 0.667933025 0.5403524859375 0.6812343375000001 0.5444088546875 0.67979648125 0.54720749375 0.6765229374999999 0.530507740625 0.66533958125
35 0.545112228125 0.62599074375 0.5597156234375 0.5929629296875001 0.5656821546875 0.5834119359375001 0.5612137609375 0.5843029375000001 0.47946211875 0.5852778921875 0.47724930624999995 0.5874987734375 0.467311940625 0.6055891484375 0.46481595468750003 0.6147549453125001 0.4642295859375 0.61896811875 0.5408598546875 0.6319935046875 0.5444386859375 0.63258393125 0.545112228125 0.62599074375
35 0.5499699015624999 0.63177249375 0.5509022359375 0.6338418234375001 0.55578265625 0.6334976734375 0.5587989515625 0.625854353125 0.5650697703125 0.612714078125 0.5703643953124999 0.6002747359375 0.57516036875 0.5865080421875 0.5731002421875 0.583773771875 0.570214978125 0.5862668171875 0.5652479296874999 0.5858304671875 0.5618851234375 0.5903517984375 0.5572851515624999 0.599553590625 0.54600179375 0.6245093125000001 0.5453499078124999 0.631297625 0.5499699015624999 0.63177249375
6 0.48165818125 0.55441728125 0.47285241874999995 0.5510490109374999 0.47022703593750004 0.5558835515625 0.47326117500000003 0.5705589359375 0.4786402484375 0.5715421390625 0.4834123859375 0.5702223656250001 0.48165818125 0.55441728125
6 0.6210264609375 0.38882737343749996 0.586538665625 0.3883095515625 0.5751075203125 0.389775821875 0.5744556375000001 0.39656413281249997 0.5834790562500001 0.3955626234375 0.6193334140625 0.39573124375 0.6210264609375 0.38882737343749996
6 0.517853328125 0.3392423390625 0.4878312046875 0.353636071875 0.4967885609375 0.35837021406249997 0.5054438140624999 0.3540515890625 0.5344242296874999 0.3429339265625 0.555204734375 0.33707199062500004 0.5595431890625 0.335010240625 0.5427990312500001 0.329757659375 0.517853328125 0.3392423390625
6 0.8797766062499999 0.23843134375 0.84778643125 0.21926618750000001 0.8370066265625 0.2171046578125 0.8354440656250001 0.2220187625 0.8373520484375 0.226547671875 0.8682360890625 0.24524301406250001 0.8797766062499999 0.23843134375
6 0.2660257515625 0.5963253765625 0.2689115625 0.5906718203125 0.2758109734375 0.5800296421875 0.2727963109375 0.5781914296874999 0.262731728125 0.5793084984375 0.2543130671875 0.5952550265625 0.2590413453125 0.59670551875 0.2660257515625 0.5963253765625
6 0.2374286203125 0.64888141875 0.2574722453125 0.6395457625 0.2592513765625 0.636582903125 0.254826840625 0.63470364375 0.250423415625 0.636180021875 0.22931696875 0.6454361109375 0.23029261562499997 0.647895690625 0.2374286203125 0.64888141875
57 0.4695953109375 0.44573293124999996 0.44827393125 0.443556240625 0.43050972187500003 0.441774853125 0.42580146562500004 0.450001021875 0.455950809375 0.45258059531250006 0.46638410312499995 0.45162013125 0.4695953109375 0.44573293124999996
57 0.5110349578125 0.50888571875 0.49073308437499996 0.506398346875 0.46800182812499996 0.5041806109375 0.46500773281249996 0.5088585453125 0.48557003437499996 0.5105269 0.5087566296875 0.5136817390624999 0.5110349578125 0.50888571875
35 0.576092434375 0.33850670312500003 0.5937727374999999 0.323705034375 0.6112581296874999 0.307147246875 0.6186345375 0.29763729843750003 0.625468978125 0.28640975 0.6269026906249999 0.2740038734375 0.6284035515624999 0.2495413234375 0.59601919375 0.2521480203125 0.5752392359375 0.25484944375 0.5573006828125 0.257828084375 0.524568725 0.2636338109375 0.5097753203125001 0.2664609 0.489551903125 0.3121616984375 0.576092434375 0.33850670312500003
6 0.7308528828124999 0.21980035781249999 0.722003265625 0.21920235 0.713110878125 0.21505358437500002 0.6977327375 0.2126123078125 0.670576946875 0.2085153140625 0.6490162500000001 0.21051327656250002 0.6324437140625 0.2163032265625 0.648623703125 0.2228035953125 0.6724394359375 0.22529602187500003 0.6890103359374999 0.2289876078125 0.700961790625 0.22904381406250002 0.72369304375 0.23126155 0.7308528828124999 0.21980035781249999
58 0.9074220625 0.04435320625 0.9453262625000001 0.0376671765625 0.9435843359374999 0.0219727296875 0.9357100046875001 0.0238310484375 0.9223703343749999 0.023928921875000002 0.9150166734375 0.0273129703125 0.9039542421875 0.028935845312500003 0.894670396875 0.030756371875 0.8892019718749999 0.044795228124999996 0.9074220625 0.04435320625
57 0.6173892015625 0.349725434375 0.6124687343749999 0.3307162640625 0.5975897921875 0.32644183125000004 0.587915034375 0.33107113906249996 0.5937261546875 0.34227785625 0.60537223125 0.352244365625 0.6173892015625 0.349725434375
57 0.6232531703124999 0.054362520312499996 0.6279153890625 0.0615486609375 0.6597810703125 0.047937953125 0.6466390359374999 0.0339893859375 0.627137921875 0.0418821328125 0.6232531703124999 0.054362520312499996
57 0.5454568328125 0.3885236015625 0.51517809375 0.38161277031249996 0.5099933875 0.3855462 0.51441738125 0.3905859703125 0.5201435078125 0.391530653125 0.547798496875 0.3937944890625 0.5454568328125 0.3885236015625
57 0.32967389062499997 0.9260466515625 0.3046209921875 0.9282346859375 0.3053795265625 0.93190353125 0.32995542968749997 0.92858326875 0.32967389062499997 0.9260466515625