2 0.49812208125 0.6546071546875 0.4855961203125 0.6607750296875 0.48217123749999996 0.682666878125 0.4865473171875 0.688227484375 0.48368253125000005 0.6951507890624999 0.5406235859375 0.7010535265625 0.5619391109375 0.691595553125 0.56187959375 0.6759056984375 0.5601163015624999 0.660097575 0.548441203125 0.6551325390625 0.49812208125 0.6546071546875
6 0.5972068484374999 0.6053557734375 0.6258220734375 0.60276359375 0.626654234375 0.5988363375 0.5986586234375 0.6021498296875001 0.5972068484374999 0.6053557734375
6 0.40031326875 0.6834284875 0.42434055312499996 0.687385634375 0.430167728125 0.6822789328125001 0.40387520625000006 0.67824933125 0.40031326875 0.6834284875
6 0.5628383 0.7854331593749999 0.5977653093749999 0.7841269953125 0.5990620140625 0.7788753828125 0.5624118453125 0.77980756875 0.5628383 0.7854331593749999
39 0.5618866890625 0.5418568500000001 0.5578020546875 0.5475932375 0.566243384375 0.5471617484375 0.5726707906249999 0.5425206515625 0.5618866890625 0.5418568500000001
25 0.6489038890625001 0.43029670781249996 0.6421663343749999 0.43084646718749997 0.634460928125 0.43353352031250003 0.6341320765625 0.43664783749999997 0.6405020125 0.4387009796875 0.6499693468750001 0.4368993203125 0.6553513625 0.4333726859375 0.6489038890625001 0.43029670781249996
6 0.5884413000000001 0.23634478125 0.5959722484375 0.2313563484375 0.5843366015625 0.2343640953125 0.5884413000000001 0.23634478125
6 0.63304943125 0.8769599593749999 0.6342512609375001 0.892813896875 0.64460890625 0.8878521078125001 0.641529528125 0.8770398875 0.63304943125 0.8769599593749999
6 0.0875760828125 0.8952248203125001 0.09896178125 0.911276953125 0.11048112343750001 0.9067349578125 0.0989022640625 0.8955871 0.091835175 0.8917898109375001 0.0875760828125 0.8952248203125001
6 0.263708503125 0.960613115625 0.258017703125 0.9749711421875 0.267795184375 0.977260821875 0.2784616140625 0.9614676421875 0.263708503125 0.960613115625
6 0.8502722515625001 0.5901097296875 0.8784229359375001 0.58884190625 0.877570709375 0.585052090625 0.8492843328124999 0.5845299515625 0.8502722515625001 0.5901097296875
57 0.6716075765625 0.3571747515625 0.6828756046875 0.35676990468750003 0.68500446875 0.34759103750000003 0.673775209375 0.34850729999999996 0.6716075765625 0.3571747515625
6 0.334417603125 0.35818721875000004 0.345531240625 0.36319806875 0.349887253125 0.36104159999999996 0.3375925390625 0.3553552546875 0.334417603125 0.35818721875000004
57 0.1498147890625 0.8219644453124999 0.14791853906250002 0.8342118187500001 0.1675697421875 0.8326083578125001 0.166774984375 0.822124303125 0.1498147890625 0.8219644453124999