39 0.459728303125 0.7347932078125 0.44222437656249997 0.7174428703125 0.44173535781249995 0.738111021875 0.44180392187499995 0.7592678609375 0.44350071562500004 0.7763264078125001 0.45191915156249995 0.784206959375 0.45936078281250003 0.764358159375 0.4622888359375 0.75285991875 0.46919693906250004 0.7481149265625 0.459728303125 0.7347932078125
6 0.42257497187500004 0.601769871875 0.4193353609375 0.5743176796875 0.41561875937500004 0.575329884375 0.41916452812499994 0.603301559375 0.42257497187500004 0.601769871875
6 0.3793369390625 0.5764319625 0.36758504531249997 0.573415546875 0.36889869375 0.5866221625 0.3805411171875 0.5885380265625 0.3793369390625 0.5764319625
6 0.430542846875 0.748393609375 0.42125044218749996 0.744518965625 0.422126209375 0.7533233765625 0.430052028125 0.7562514453125 0.430542846875 0.748393609375
6 0.3310729109375 0.41357864062500005 0.3283277203125 0.40388924531250003 0.3210707484375 0.41536072968750004 0.3129073328125 0.43307001562499997 0.3169096375 0.44260543593749996 0.324438484375 0.4210750140625 0.3310729109375 0.41357864062500005
6 0.3127124453125 0.44646140624999997 0.298740459375 0.43647617812500006 0.2991903703125 0.44867462812500003 0.311522096875 0.45496190312499996 0.3127124453125 0.44646140624999997
6 0.3182828484375 0.41291730312499997 0.315392103125 0.37873861875000003 0.31011223125 0.37938532187499996 0.313341615625 0.4118515875 0.3182828484375 0.41291730312499997
6 0.1847992125 0.3501758203125 0.169340946875 0.3431575375 0.17124465625000002 0.354620940625 0.185839184375 0.3606310578125 0.1847992125 0.3501758203125
6 0.164103209375 0.2546822921875 0.15288844375 0.2621827046875 0.1566940609375 0.2722991953125 0.16528513281249999 0.2640061828125 0.164103209375 0.2546822921875
6 0.40734055468749997 0.3206900578125 0.4026248921875 0.2911907359375 0.397454490625 0.2929379890625 0.4036462078125 0.3244844359375 0.40734055468749997 0.3206900578125
6 0.483294596875 0.8744935625 0.49146341250000003 0.8952152265625 0.49454544531250005 0.8903818859375001 0.4854359 0.8653196078125 0.483294596875 0.8744935625