20 0.80753544375 0.8016427390624999 0.8010172453125 0.7033732968749999 0.7918917671875 0.717832415625 0.7798982828125001 0.7352015578125 0.777291003125 0.7489749390625 0.7666011593750001 0.7571694078125 0.7710335328125 0.8142915875 0.774422996875 0.82624434375 0.777030275 0.8393547375000001 0.7887630328124999 0.94725710625 0.8044067078125 0.944696146875 0.8031030687499999 0.8297478500000001 0.8054496203125 0.8194109890625001 0.80753544375 0.8016427390624999
9 0.7798982828125001 0.7352015578125 0.7856342984375 0.7276655265625 0.7934561359375001 0.7143731468750001 0.8049281625000001 0.6815692328125 0.7780731875 0.687185803125 0.7629509671875 0.702321559375 0.7423534625 0.7673164421875 0.741571278125 0.7913538921875001 0.7449607390625 0.798158690625 0.7488716578125 0.795802465625 0.758257865625 0.7927787015625001 0.757214953125 0.7687731 0.760082959375 0.7595711296875 0.7765088203125 0.7495605828125 0.7798982828125001 0.7352015578125
25 0.661267075 0.44612606093749996 0.6597027078125001 0.43128148125 0.6495343171875 0.42173499843749995 0.6349335546875 0.42198977812500005 0.6218971578125 0.43594514531249995 0.621897159375 0.4571089703125 0.6315440921875 0.46609255625 0.6451019437500001 0.46585597500000003 0.6570954296875 0.457638759375 0.661267075 0.44612606093749996
25 0.567926478125 0.35108763125000003 0.5642762859375 0.36545120937500003 0.5653191984375 0.3803048859375 0.5762697718750001 0.38812173437499997 0.58539525 0.38967848437499997 0.599213828125 0.3842893953125 0.60599275625 0.3773071609375 0.6086000328125001 0.36925373125 0.6088607625 0.35208932656249997 0.596867278125 0.3368547375 0.5773126828125 0.3400559359375 0.567926478125 0.35108763125000003
21 0.5269921937500001 0.5594362015625001 0.5178667171875 0.3130654859375 0.5108270609375001 0.2937404875 0.501701584375 0.285319796875 0.48501499687500005 0.2810350109375 0.46806768125 0.2904826625 0.4568563796875 0.31012613437500003 0.450598909375 0.5493293390625 0.451120365625 0.563620121875 0.459463659375 0.5714824671875001 0.47588951875 0.5769157921875 0.49648702499999997 0.5817043265625 0.516041621875 0.5727831765625 0.5269921937500001 0.5594362015625001
21 0.5053517750000001 0.7148245328125 0.51812744375 0.7077376578125001 0.5176059875 0.5727558796875 0.510566334375 0.5757386953125 0.4876222765625 0.5812870203125 0.458942203125 0.5754955328125 0.45763856562500005 0.708221178125 0.4678069546875 0.7149076859375 0.48918664375 0.7179665875000001 0.5053517750000001 0.7148245328125
20 0.366905246875 0.719528371875 0.3739449 0.7274134640625001 0.3861991125 0.7266276359375 0.40027842031249994 0.722949984375 0.40027842187499996 0.6937782265625 0.407057346875 0.62502050625 0.4130540890625 0.5459805203125 0.415400640625 0.5041839218749999 0.41487918593749995 0.4744492671875 0.41305408750000006 0.4441653671875 0.40184278906250004 0.42491316250000005 0.3898493046875 0.42169047343750005 0.3734234453125 0.4259810671875 0.364819421875 0.43699911562500005 0.3590834078125 0.4965867140625 0.35882268125 0.52747900625 0.3661230625 0.68350631875 0.366905246875 0.719528371875
21 0.35882268125 0.755133115625 0.37264125937500003 0.7611839328125 0.39115294375 0.7620048984375 0.40288569843750005 0.7560802125 0.40731807499999995 0.6804994953125 0.4078395296875 0.6238628671875001 0.40027842187499996 0.6920622421875 0.40027842187499996 0.72180599375 0.3885456640625 0.7265866890625 0.3731627171875 0.725711128125 0.36664451875 0.718960925 0.367165975 0.684060115625 0.3627336 0.631513896875 0.3616906875 0.596640384375 0.3572583125 0.6487692968750001 0.35882268125 0.755133115625
20 0.34239682031249996 0.5100337796875001 0.3290996984375 0.5056898515625 0.31736694062500004 0.5076105703125 0.30772000625 0.5867142515625 0.30328763125 0.642275134375 0.3035483609375 0.651994503125 0.3014625375 0.6594668375 0.3014625375 0.6760547 0.296247978125 0.68358163125 0.2939014265625 0.7282382078125 0.2975516171875 0.74705035625 0.3030269046875 0.7675466421875 0.3038090875 0.887651996875 0.3032876328125 0.91054090625 0.3066770953125 0.91848969375 0.3181491234375 0.9188615046875 0.32492804999999997 0.9147392484375001 0.327535328125 0.8883819687500001 0.33535716875 0.7624065250000001 0.343700459375 0.7428131 0.34578628437500003 0.7204688875 0.34917574687499997 0.5408032328125 0.3478721078125 0.5219501390625 0.34239682031249996 0.5100337796875001
20 0.264960628125 0.3363544765625 0.2568780609375 0.38053915 0.2534885984375 0.40977005312500003 0.2534885984375 0.45781765312499995 0.25974606875 0.630451028125 0.2592246125 0.6447600078125 0.259485340625 0.6567673578125001 0.2607889796875 0.6744764625 0.2704359125 0.68346005 0.2925977875 0.6830733312499999 0.3022447203125 0.6800450171875 0.3009410796875 0.6611919234375 0.3030269046875 0.6508596125 0.30250545 0.640572796875 0.31736694062500004 0.49216669687500003 0.3215385859375 0.44118632656249995 0.321277859375 0.40286719375 0.3176276671875 0.35373929843749996 0.3058949109375 0.3356401828125 0.291294146875 0.328459025 0.2766933828125 0.32928579999999996 0.264960628125 0.3363544765625
54 0.5267314640625 0.5588687546875 0.5178667156250001 0.572179334375 0.5186489 0.7088725499999999 0.510566334375 0.712445559375 0.5136950687499999 0.7186829109375 0.536117671875 0.7085677234375 0.559061728125 0.70645136875 0.5705337562499999 0.7028192140625 0.5661013828125 0.531869978125 0.5462860609375 0.5413676765625001 0.527252921875 0.54684775625 0.5267314640625 0.5588687546875
39 0.5916527203124999 0.8832011921875 0.60260329375 0.8933060234375001 0.6028640203125 0.9058853687499999 0.6059927546874999 0.9092627437499999 0.6059927546874999 0.9195586578125001 0.609903675 0.9217783953125 0.6109465859375 0.9337720968750001 0.5989531 0.93970133125 0.5898276234375001 0.9427205453124999 0.5903490796875001 0.949575390625 0.5979101906250001 0.9505874406249999 0.5976494625 0.96374788125 0.6020818375 0.9916983046875 0.605109178125 0.9979374249999999 0.6546185125 0.9970735 0.6474484953124999 0.9743188046875 0.6437983046875 0.9543626671875 0.646927040625 0.9480161234375 0.6466663109375 0.9148449484375 0.6414517531249999 0.8737522828125 0.63597646875 0.8664118859375 0.621114975 0.802035753125 0.6044283874999999 0.73597548125 0.601821109375 0.7331610015625001 0.6023425625 0.773763565625 0.6010389234375 0.780078259375 0.5598439125 0.7882330421875 0.5692301171875 0.83668885 0.572358853125 0.8572260828125 0.580962875 0.8748077984375 0.5916527203124999 0.8832011921875
54 0.239930746875 0.682276371875 0.2459274875 0.6907516593749999 0.2571387890625 0.684264078125 0.2495776796875 0.676388084375 0.25531369375 0.672284025 0.258442428125 0.6579295484375 0.25192423124999996 0.6500353546875 0.25427078125 0.64427445625 0.246709671875 0.642690409375 0.2482740390625 0.6340831828125 0.244884575 0.63528631875 0.240191475 0.6370841984375 0.23601982812500003 0.6280050671875 0.2250692546875 0.6287681484375 0.215422321875 0.635800428125 0.2162045046875 0.6815463984375 0.2211583359375 0.692327865625 0.231326725 0.6915784328125001 0.239930746875 0.682276371875
54 0.20238592500000002 0.6005642046874999 0.2076004828125 0.6101971296875 0.215422321875 0.612348621875 0.22976235625000002 0.6035184640625 0.242798753125 0.6021469921875 0.2581817015625 0.5927266390625 0.2571387890625 0.5658610609375 0.239930746875 0.5598693890625001 0.23028381250000002 0.5543177734375 0.22585143749999997 0.5549671125 0.2036895640625 0.5633617656250001 0.20212519687500002 0.5702530046875001 0.1963891828125 0.56920910625 0.1906531671875 0.5904730234375 0.19273899218749999 0.601304534375 0.20238592500000002 0.6005642046874999