7 0.7370229546875 0.9360241296874999 0.73262841875 0.9358789484375001 0.7240379953125 0.936455721875 0.7199055765625 0.941393603125 0.718053878125 0.9457836593750001 0.7177674484375001 0.9596323625000001 0.719157971875 0.9657023015625 0.7455486687499999 0.980462003125 0.753662259375 0.9810861453124999 0.7613468234375 0.9778680578125 0.7641839218750001 0.97318413125 0.7655348796875 0.9725165656250001 0.7660356187499999 0.9687940749999999 0.7663694421875 0.9663124156249999 0.7684197859374999 0.9627894906250001 0.7693734515624999 0.96038765625 0.7676808375 0.95890734375 0.7654001140625 0.9594551703124999 0.7643273421875 0.958054684375 0.76338975 0.9533054046875 0.7621739671875 0.9506241765624999 0.7491733484374999 0.9417966906249999 0.7426332703125 0.9388505374999999 0.7370229546875 0.9360241296874999
7 0.461760159375 0.7861230921875 0.4591695171875 0.786631003125 0.4585257703125 0.78907275 0.45906607031249996 0.7920877640625 0.45847796250000006 0.7941159 0.4608221546875 0.7977840031250001 0.46435039375000003 0.8020253703125 0.46686932499999995 0.8090821859374999 0.4707948578125 0.8150578218750001 0.47496684218749996 0.8168574421875 0.478344240625 0.8151885265625 0.48107006406249997 0.8113318234375001 0.48091922656249997 0.8054215390625 0.47797909687500006 0.799152034375 0.47503896562500003 0.792882528125 0.47340198750000007 0.7909886046875 0.470946521875 0.7881477218749999 0.466917546875 0.7876288453125 0.46438253906250004 0.78772314375 0.461760159375 0.7861230921875
6 0.8101305796875 0.708963565625 0.8112111828125 0.714993590625 0.8139131015625001 0.713658459375 0.8133410671875 0.7085354828125 0.8101305796875 0.708963565625
6 0.7339526000000001 0.736181125 0.7318705234375 0.73759608125 0.7328876578125 0.7394101765625 0.737512571875 0.74253045625 0.7389748078125 0.7410356703125001 0.7339526000000001 0.736181125
6 0.75284955 0.7503965078125 0.7477795375 0.7505851109375 0.7476682625 0.7514123296874999 0.7555036640624999 0.7541045234375 0.7557262140625001 0.752450084375 0.75284955 0.7503965078125
6 0.725465209375 0.7477113281250001 0.7222069140625 0.7531825609375 0.7246862859375 0.7535018703125 0.7278333031249999 0.7488578578125 0.725465209375 0.7477113281250001
6 0.7545969796875001 0.7842835921875 0.75380239375 0.78081505625 0.7466503015625 0.7824186171874999 0.7476674359375 0.7842327124999999 0.7507666484375 0.7846318484375 0.7545969796875001 0.7842835921875
6 0.74196109375 0.8079027921874999 0.749907771875 0.809767765625 0.7502415953125 0.80728610625 0.7409439578125 0.806088696875 0.74196109375 0.8079027921874999
6 0.6907845265625 0.7945795390625 0.6980000859375 0.7971919062499999 0.6982226359375 0.795537465625 0.6903872343749999 0.792845271875 0.6907845265625 0.7945795390625
6 0.7627010859375 0.8459189625000001 0.7568999546875 0.8468549578125 0.7579170890625 0.848669053125 0.7638294953125 0.8469058374999999 0.7627010859375 0.8459189625000001
6 0.6284194765625 0.7613012390625 0.62826039375 0.7671716078124999 0.63124833125 0.768397965625 0.6319159812499999 0.7634346437499999 0.6284194765625 0.7613012390625
6 0.6273388734374999 0.7552712140625 0.6275614234375 0.753616775 0.6204571390625 0.7501771859375 0.6158956921875001 0.7512728359375 0.6155618656249999 0.753754496875 0.6273388734374999 0.7552712140625
6 0.5420544859375 0.761118765625 0.5494925953124999 0.76207669375 0.549317853125 0.7586879843750001 0.54165719375 0.7593844984375 0.5420544859375 0.761118765625
6 0.47929049218750003 0.7917469625 0.478114275 0.7958032375 0.48037109375 0.7977769875 0.4816585875 0.7928934921875 0.47929049218750003 0.7917469625
6 0.567466375 0.83003245 0.5633022203125 0.8328623687500001 0.5650504734374999 0.8339290703125 0.5684835109375 0.8318465453125 0.567466375 0.83003245
6 0.426064821875 0.7327160593750001 0.43350293124999995 0.7336739875 0.4332169125 0.7311124984374999 0.426509921875 0.729407178125 0.426064821875 0.7327160593750001
6 0.417147990625 0.7568142250000001 0.42166163125 0.7607617234374999 0.4237437078125 0.7593467640625 0.4187215 0.7544922171875 0.417147990625 0.7568142250000001
6 0.583410840625 0.69743771875 0.579755253125 0.7011746859375 0.5815035046875 0.7022413875 0.5850478171875 0.69933164375 0.583410840625 0.69743771875
6 0.578340825 0.697626321875 0.5745739640624999 0.7021905078125 0.576210940625 0.70408443125 0.5805976453125 0.6996000718750001 0.578340825 0.697626321875
6 0.4647514015625 0.65606791875 0.469710140625 0.6567065375000001 0.46993268906249996 0.6550520953125 0.46362299062499995 0.65508104375 0.4647514015625 0.65606791875
6 0.41898115156250004 0.54161325625 0.4122263515625 0.5449510828124999 0.41386333124999997 0.54684500625 0.418424778125 0.5457493546875 0.41898115156250004 0.54161325625
6 0.13159763124999999 0.4700985765625 0.14011634374999998 0.47708652812499996 0.14095873750000001 0.47551191406250004 0.133171140625 0.467776571875 0.13159763124999999 0.4700985765625
6 0.1425866609375 0.20558369999999998 0.14490694843750002 0.21177337812500002 0.141759928125 0.21641739062499998 0.14452531562499998 0.21929818750000002 0.1504855296875 0.2124918234375 0.148785084375 0.2063819734375 0.1425866609375 0.20558369999999998
6 0.1287440640625 0.18192063593750002 0.11804765937499999 0.1864339421875 0.11861969375 0.19155691875 0.13106435 0.1881103140625 0.1287440640625 0.18192063593750002
6 0.2184456484375 0.222927265625 0.223531325 0.2319977390625 0.2266305375 0.23239687656250002 0.2235156640625 0.2227386625 0.2184456484375 0.222927265625
6 0.6216053390625 0.596321228125 0.63096644375 0.6017345640625 0.6307917 0.59834585625 0.6231788484375 0.5939992203125 0.6216053390625 0.596321228125
6 0.8185396687500001 0.6511379734375 0.8075094406250001 0.6581329390625 0.809146415625 0.6600268625 0.8186031359375001 0.6553539015625 0.8185396687500001 0.6511379734375
6 0.472059303125 0.1470291734375 0.4712647171875 0.1435606375 0.46765693593749996 0.142254453125 0.46052050624999996 0.1531170921875 0.46295206875000006 0.15847955 0.472059303125 0.1470291734375
6 0.6826433171875 0.944168690625 0.6754912265625 0.9457722515625001 0.677239478125 0.9468389531250001 0.6830406124999999 0.9459029578125 0.6826433171875 0.944168690625
6 0.8968227875 0.9692274390625 0.8905130874999999 0.9692563859375 0.8902905375 0.9709108265624999 0.8964889625 0.9717091 0.8968227875 0.9692274390625