27 0.0489614390625 0.5430526328124999 0.05259841562499999 0.51389315 0.053830710937500005 0.5030291 0.050961459375 0.4732595875 0.0480244359375 0.47724768281249996 0.0459713171875 0.5052720421875 0.0442177265625 0.516133059375 0.0401493109375 0.54014050625 0.0489614390625 0.5430526328124999
12 0.4789552421875 0.4603015109375 0.47523733281249997 0.4791614703125 0.4749777421875 0.49403636874999995 0.47478123437499997 0.5501078390624999 0.478220646875 0.5621434109375001 0.481178696875 0.5718875078125001 0.4874342609375 0.5719239078125 0.494811234375 0.552513071875 0.49834836875 0.5290747031249999 0.499289003125 0.5050490578125 0.495427078125 0.472412921875 0.49152627656250003 0.45694164531250003 0.4789552421875 0.4603015109375
6 0.506961871875 0.5583054703125 0.5176484609374999 0.55836765625 0.51858016875 0.549790534375 0.5086855109374999 0.5491607875 0.506961871875 0.5583054703125
6 0.49267567031250004 0.6898213296875 0.49897011406249997 0.6726928734375 0.49493951562499994 0.66465904375 0.4893970671875 0.6835083875 0.49267567031250004 0.6898213296875
6 0.59484020625 0.2727320734375 0.60844385 0.2699503859375 0.6073303078125 0.2590726859375 0.5949500328124999 0.2664388484375 0.59484020625 0.2727320734375
6 0.6448332875 0.3954672625 0.6523200859375 0.3697632 0.6485102 0.3640193328125 0.6409934484375001 0.39143973125 0.6448332875 0.3954672625
6 0.6468275578125 0.3857519859375 0.6503368593750001 0.39378277968750003 0.6546060171875 0.37320951875 0.6514882203125001 0.37261920625 0.6468275578125 0.3857519859375
6 0.7614980796874999 0.1781495484375 0.7569304515625 0.230762565625 0.7617119828125001 0.2256408625 0.7661997359375 0.1776047375 0.7614980796874999 0.1781495484375
6 0.7412316359375 0.23410423125 0.755667146875 0.2284665359375 0.755435390625 0.2118722703125 0.7404286625000001 0.22036748906249998 0.7412316359375 0.23410423125
6 0.82278618125 0.11671187499999999 0.8408418765624999 0.12768816249999998 0.842685325 0.11167814375 0.826133615625 0.104143625 0.82278618125 0.11671187499999999
6 1 0.37449007968750003 0.9921936453125 0.3425602828125 0.9855875734374999 0.34767136718749997 0.9960765968749999 0.388928609375 1 0.38267240625 1 0.37449007968750003
6 0.9721512421874999 0.7292302546875 0.98104324375 0.7275654874999999 0.971677746875 0.6966138359375 0.9658436375000001 0.7023015828125 0.9721512421874999 0.7292302546875
6 0.5955911406250001 0.25957654531249996 0.6055956250000001 0.253913065625 0.6054547875 0.2470462125 0.5970441453124999 0.25100245781249997 0.5955911406250001 0.25957654531249996
6 0.47762159375 0.5964700984375 0.48667334218749997 0.5856515484375 0.4844273484375 0.579916784375 0.47641819218750003 0.5907413984375001 0.47762159375 0.5964700984375
6 0.4073505734375 0.6498451249999999 0.4126134640625 0.647014903125 0.41276322656250003 0.63843323125 0.4064178046875 0.64354583125 0.4073505734375 0.6498451249999999
57 0.07747045625 0.6570802625 0.0794957390625 0.6605250625 0.080998665625 0.64909041875 0.07871273437500001 0.6456440999999999 0.07747045625 0.6570802625
57 0.9918231546875 0.9612736406250001 0.9718465734375 0.9558076109375 0.976047959375 0.968991959375 0.9915870281249999 0.9748040765624999 0.9918231546875 0.9612736406250001
57 0.817111515625 0.531501759375 0.8235189609375 0.5527093171875 0.8270781828124999 0.557879553125 0.8328224343749999 0.5573408093750001 0.8452836421875001 0.56027416875 0.846185396875 0.5534133828125001 0.8448511421875 0.5402457203125001 0.8400696125 0.5453674203125 0.83687088125 0.5344775859374999 0.8258427109375001 0.5241143609375001 0.820609771875 0.5252282515625 0.817111515625 0.531501759375
57 0.7828039390625 0.077571690625 0.7652485125 0.052866245312500004 0.76101823125 0.0562746484375 0.7597060625000001 0.0717155890625 0.7569997359375 0.0774215359375 0.7606898109375 0.0900307375 0.7686501046875 0.09694309375 0.7828039390625 0.077571690625
57 0.7733434421875 0.2611830578125 0.7802311875 0.269805678125 0.7920780640625 0.23325576718750002 0.7918152984375 0.20350142343750002 0.7733434421875 0.2611830578125
33 0.8023483421875 0.0181797890625 0.8050657125 0.02677814375 0.812393821875 0.025104278125 0.814257240625 0.007950035937499999 0.8112492687499999 0.0010664984375000001 0.807339540625 0.0010437484375 0.8023483421875 0.0181797890625