35 0.998173878125 0.3022475359375 0.9646020640625 0.309345325 0.9228696109375001 0.30544228281249997 0.88404621875 0.2946990953125 0.856400584375 0.2801520703125 0.8367386640625 0.25956279375 0.811093446875 0.355118934375 0.8080789671874999 0.370677853125 0.8185846046874999 0.3845916984375 0.83675491875 0.3953429953125 0.8672032734374999 0.40400977656250003 0.8957696281249999 0.40247878281249994 0.9160668281250001 0.39403204375 0.9981720171875 0.3025675953125 0.998173878125 0.3022475359375
41 0.9174400171875 0.30396463125 0.9500525609375 0.3086311421875 0.978796159375 0.3055003125 0.9958647953125 0.302893990625 0.9981760656249999 0.3018715125 0.9986420765625 0.221771171875 0.994009421875 0.21866699375 0.97484563125 0.20911591093749998 0.9468814265625 0.201328028125 0.917888765625 0.1989397625 0.8846740687500001 0.20359212499999998 0.8664351781249999 0.21287793437500002 0.8582028656249999 0.21728052656250002 0.845570809375 0.22644415156250003 0.8378002484374999 0.2344460375 0.8332591796875001 0.24436637499999997 0.835425690625 0.259763278125 0.8558684 0.2810721453125 0.8823783031250001 0.29421981875 0.9174400171875 0.30396463125
20 0.4433384796875 0.5715917984375001 0.40977951875 0.6647913921875 0.4065164375 0.678710646875 0.4119478890625 0.6957060359375 0.414539778125 0.707263334375 0.41354723125000004 0.7162224203124999 0.40886529843749997 0.7351814937500001 0.40311946093750006 0.7598601515625 0.3957406859375 0.7798601359374999 0.394996275 0.7865794484374999 0.4061045296875 0.7950538515625001 0.4199800546875 0.797967978125 0.43364196093749996 0.7950430390625 0.44868355781249997 0.756362771875 0.45872279374999997 0.7278829796874999 0.46003483906250003 0.7199236250000001 0.4778824046875 0.702519153125 0.49154245625000004 0.684076475 0.5196722874999999 0.5932786625 0.5201326484375 0.5852396546875 0.51306965625 0.575203890625 0.4984483296875 0.5673707734375 0.47864647343750005 0.563579103125 0.45827744687500005 0.56490690625 0.4433384796875 0.5715917984375001
6 0.29076451875 0.7176704234375 0.299174071875 0.7116679953125 0.28203174999999997 0.6916376468750001 0.2718120234375 0.6945612328124999 0.2838083328125 0.7105541921875 0.29076451875 0.7176704234375
6 0.3960015140625 0.5872081125 0.37605879375 0.592455178125 0.3775144875 0.5987336921875 0.4057963296875 0.592003565625 0.3960015140625 0.5872081125
6 0.20058026406249999 0.902558890625 0.252746065625 0.9093774124999999 0.2545548453125 0.9008179500000001 0.20203410000000002 0.8933196671875001 0.20058026406249999 0.902558890625
6 0.1398216296875 0.8529099859375 0.128500690625 0.8463553875000001 0.12225578906250001 0.8522369812499999 0.131163475 0.8572727499999999 0.1433001875 0.8603475359375 0.1612219 0.8694591703125001 0.1667928234375 0.8657775187500001 0.1490837984375 0.8547460812500001 0.1398216296875 0.8529099859375
11 0.4287810828125 0.50492723125 0.432007321875 0.4796896421875 0.43413513437500006 0.46825047499999994 0.42749845000000003 0.462133971875 0.4139074390625 0.4644189765625 0.39910933437499996 0.46206513125 0.2630159421875 0.436082359375 0.2510923828125 0.4349672046875 0.23689968281249998 0.450450521875 0.2330685046875 0.46173038125000004 0.2304434890625 0.4698902234375 0.22916735781250003 0.4814090453125 0.232255984375 0.4923662359375 0.381056509375 0.54346035625 0.3859543828125 0.54973751875 0.39890686406250003 0.549332490625 0.41011960312499995 0.5413292546874999 0.41945080625 0.527007678125 0.4287810828125 0.50492723125
41 0.40074366093749997 0.47838210937500003 0.39290266875 0.49090336562500003 0.3879716703125 0.5043433421875 0.3832892734375 0.5194229828125 0.3808778765625 0.533421890625 0.3797435359375 0.54366084375 0.384357359375 0.5486183078125 0.3940453671875 0.55049423125 0.41228565 0.552846725 0.42750913125 0.5513609640625 0.44280304218750005 0.5453558328125 0.453519046875 0.5379527046875 0.460934196875 0.525391621875 0.4654398171875 0.515791253125 0.46728404687499997 0.5069118234375 0.46522434375 0.49443444999999997 0.456812465625 0.48103970625 0.44566876562499996 0.47288526875 0.434773665625 0.4663704984375 0.4300889453125 0.46205296718750005 0.42292053906250004 0.46073597343749995 0.4109624625 0.4676996546875 0.40074366093749997 0.47838210937500003
42 0.274977734375 0.46015415312499997 0.2921541125 0.4682262328125 0.3241640390625 0.47833219062500004 0.5431243671875 0.5563548359375 0.5433720390625 0.5502356296875 0.32494389687499997 0.47129290937499996 0.2861914046875 0.4599097859375 0.274977734375 0.46015415312499997
6 0.443794196875 0.5247584468750001 0.42881792343749997 0.5162455671874999 0.423211553125 0.5202471859375 0.4397494 0.530199240625 0.443794196875 0.5247584468750001
6 0.5041214140625 0.5278143109375 0.488258475 0.52342118125 0.4762990046875 0.5187465578125 0.474383415625 0.5243864874999999 0.5000411703125 0.5335750734375 0.5041214140625 0.5278143109375
6 0.48054209375 0.39112349218750003 0.48653932031249997 0.391361103125 0.491966590625 0.3734415828125 0.48511768125000004 0.3731243171875 0.48054209375 0.39112349218750003