7 0.5533270234375001 0.6216916984374999 0.5470402984375 0.61746146875 0.54924178125 0.6153014140625 0.5607294390625001 0.616297315625 0.5929527796875 0.6210605453125 0.615338334375 0.6205867734375 0.6212260734374999 0.6242741078125 0.6272058984375 0.621933303125 0.6267604999999999 0.6035321765624999 0.624403090625 0.59716460625 0.6068194859375 0.5938611593750001 0.596775146875 0.5934986859375 0.5616112390625 0.5938812718750001 0.5424349953125 0.595395725 0.5280241953125 0.5962431640625 0.5185107343750001 0.5942747234375 0.5013833484375 0.592090975 0.48632720156250003 0.593390771875 0.4710645015625 0.5995650953125 0.46299435781250003 0.5982300875 0.4530835625 0.5992134921875001 0.448552009375 0.612671946875 0.4659639125 0.614244978125 0.47988529062499996 0.6223775234375 0.49862604531250004 0.6234303765625 0.5300879187499999 0.623997615625 0.5533270234375001 0.6216916984374999
6 0.49845541875 0.50345563125 0.521503746875 0.49922703124999995 0.5190716765625 0.495585128125 0.49701045 0.49932746093749997 0.49845541875 0.50345563125
6 0.438026671875 0.558768684375 0.46263443750000005 0.5598218640625 0.46255647343749995 0.5555580531250001 0.440113684375 0.55545501875 0.438026671875 0.558768684375
6 0.1581167015625 0.43334969687499997 0.1792306390625 0.433972909375 0.180691384375 0.43130386875 0.1599001203125 0.430454478125 0.1581167015625 0.43334969687499997
6 0.3689300921875 0.4328185203125 0.372859409375 0.4306811796875 0.3669890953125 0.4236913765625 0.3608566453125 0.4244940328125 0.3689300921875 0.4328185203125
6 0.7960917078125 0.6127477765625 0.7931843421875 0.6077939046874999 0.7639844890624999 0.6126328937500001 0.765276834375 0.6152229203124999 0.7749031125 0.6148502296875 0.7960917078125 0.6127477765625
6 0.5314868828125 0.81200109375 0.5385334234375 0.8169325734375 0.546149 0.8206426203125 0.551617025 0.8201000531249999 0.5537040375 0.8167863859375 0.53678320625 0.8097281109375001 0.5314868828125 0.81200109375
6 0.0360152625 0.4027498171875 0.04300456875 0.4071044921875 0.0482436578125 0.40425470468749997 0.0392038421875 0.40010349375 0.0360152625 0.4027498171875
6 0.0244118171875 0.23711662812499998 0.0244864765625 0.23439096250000002 0.0127333765625 0.23419804375000003 0.0244118171875 0.23711662812499998
6 0.03016345 0.274213209375 0.042617478125000004 0.27103583593749997 0.040376190625 0.2693166171875 0.026536078125 0.2724373640625 0.03016345 0.274213209375
6 0.19242078125 0.260831365625 0.20592079531250002 0.26123926875 0.2060336109375 0.2588981390625 0.19357793125 0.258580771875 0.19242078125 0.260831365625
6 0.18815466875 0.2734868359375 0.1942680421875 0.272491909375 0.1870514515625 0.2693247546875 0.182343240625 0.270568575 0.18815466875 0.2734868359375
6 0.576828934375 0.2916154421875 0.5932520890624999 0.29018000625 0.5930231515625 0.2878727875 0.5752139140625 0.2892516 0.576828934375 0.2916154421875
6 0.5459120625 0.2791502890625 0.5618043375 0.2793208203125 0.5626388125 0.277296403125 0.5449233125 0.27614181875 0.5459120625 0.2791502890625
6 0.3523645609375 0.2936953125 0.3693584 0.29453318125 0.3693185921875 0.29065390468749996 0.35173663906249997 0.2908451984375 0.3523645609375 0.2936953125
6 0.396594875 0.2733853 0.3931043515625 0.279944809375 0.3994085046875 0.280872565625 0.40348714062499996 0.27328389375 0.396594875 0.2733853
6 0.5083907484375 0.2731653046875 0.5093048375 0.2788994421875 0.5146774734374999 0.2773955328125 0.51209278125 0.272215484375 0.5083907484375 0.2731653046875
6 0.76210965 0.301578378125 0.7475462265624999 0.30088766875 0.74640815625 0.30333053125 0.7600035593750001 0.304699775 0.76210965 0.301578378125
6 0.973822840625 0.39706775625 0.9630170343750001 0.39250929375 0.9589923265625 0.3936852921875 0.9726847703124999 0.39951061875 0.973822840625 0.39706775625
6 0.9079319328125001 0.4251577328125 0.90386741875 0.4224544578125 0.8967686 0.4274303921875 0.8983263859375 0.42921743125 0.9040407734375 0.42767961093749995 0.9079319328125001 0.4251577328125
6 0.6559370625 0.629761303125 0.6705767984375 0.631221084375 0.671827684375 0.6264370921875 0.6526688671875001 0.624649075 0.6559370625 0.629761303125
6 0.5260505734375001 0.718954771875 0.538983203125 0.7240788453125 0.5468434890625 0.723298903125 0.52752874375 0.7129832609375 0.5260505734375001 0.718954771875
57 0.2647789515625 0.3779148 0.276512971875 0.37791545000000004 0.27622680312500003 0.3750314265625 0.266087071875 0.3737076125 0.2647789515625 0.3779148
6 0.7910635515625 0.49946818125 0.7961931296875 0.505949 0.8054776546875001 0.505610221875 0.797860428125 0.49840543281249994 0.7910635515625 0.49946818125
6 0.9748572640625 0.3761898578125 0.9803062109375 0.3754550203125 0.978613228125 0.3688273625 0.97379055 0.3689175734375 0.9769251999999999 0.372683921875 0.9748572640625 0.3761898578125