7 0.6993045953125 0.6904868468750001 0.7004837421875 0.6864897421875 0.696395209375 0.6862309015625 0.6926937843750001 0.6841290734375 0.6926224859375 0.6780016234375 0.6823316375 0.671380259375 0.67122023125 0.6644620296875 0.664677153125 0.6639253375 0.6577041890624999 0.6615551625 0.6536085265625 0.660683578125 0.6503013390625 0.65735150625 0.6466462578125001 0.659232521875 0.6483372843749999 0.6641154703125001 0.6520707953125 0.66897465 0.65253633125 0.6738718578125 0.657516721875 0.6805550140625 0.6706991312499999 0.6899004578125 0.6859275874999999 0.6995285078125 0.6937638890625 0.7058720187499999 0.7016073234375 0.712828275 0.7089602640625 0.7127427156249999 0.7158797546875 0.7105173015624999 0.7211046515625 0.70310256875 0.71611713125 0.6958066656249999 0.7111902171875 0.693719096875 0.70548195625 0.6947047625 0.7001536749999999 0.693234690625 0.6993045953125 0.6904868468750001
38 0.6498928421875 0.657356259375 0.6462377609375001 0.659237275 0.6474989015625 0.662286740625 0.64793591875 0.6647329671875 0.6512359765625 0.66745229375 0.6536762609375 0.66650465625 0.656510784375 0.6643267749999999 0.6585211828124999 0.6615456562500001 0.653189334375 0.6597692140625 0.6498928421875 0.657356259375
39 0.7626402718749999 0.7966883640625 0.7687891140625001 0.7984553015625 0.7732790125 0.7980966421875 0.77323266875 0.7941138 0.7781631484375 0.7965077390624999 0.78221603125 0.793702853125 0.766571946875 0.7834668125 0.75785448125 0.771618103125 0.7771786015625 0.7821177375 0.7944281531249999 0.789883784375 0.8077267328125 0.7741019265625 0.7847867453124999 0.7688534046875 0.7733310125 0.767454634375 0.759797146875 0.7630159046875 0.7495775984375 0.7625219921874999 0.7484198421875 0.7683573296875 0.74973445625 0.776002384375 0.7526474078125001 0.7805646984375 0.7601251234374999 0.791202178125 0.7626402718749999 0.7966883640625
33 0.6328779609375 0.7399796203125 0.6299115359374999 0.7308217171875 0.62582656875 0.73086925 0.6192727953125 0.7294134390625 0.6216774328125 0.7254020765625 0.6207855734375001 0.718977759375 0.6174641265624999 0.7144201984375 0.6023426171875 0.713983325 0.5917252656249999 0.7144132812499999 0.5721566390625 0.7180115375 0.5652549734375001 0.7217688140625 0.5612092203125 0.7251864453125 0.5605241296875 0.7365317359375 0.5630143265625 0.7398733156249999 0.571631971875 0.7431435953125 0.5810131375 0.741808778125 0.582618603125 0.739338784375 0.58459691875 0.7338003125 0.58748135 0.7359116484375 0.5920033328125001 0.738310340625 0.5895951328125 0.74201533125 0.60020891875 0.741279 0.60917445625 0.73933619375 0.6202074328125 0.7395142265625 0.6296206828125 0.7409367640625 0.6328779609375 0.7399796203125
33 0.5070432734375 0.3185924765625 0.5131101203124999 0.3133128421875 0.5085453578125 0.3072376796875 0.5076570640625 0.301119734375 0.5079479171875 0.29100468749999997 0.4941196328125 0.29637463125 0.4905572421875 0.30622133281249997 0.498336503125 0.3076628828125 0.49392859843750003 0.3150681109375 0.4885824921875 0.312066178125 0.48278867343750004 0.3056989 0.460818975 0.3136148921875 0.45923489687499996 0.31792312031250003 0.4515162390625 0.321689903125 0.4429199828125 0.3202578609375 0.41080203437499996 0.333807390625 0.44240748593749996 0.38154662968749997 0.45296423125 0.3759083390625 0.4508504484375 0.3698046546875 0.46554920156249996 0.369020790625 0.48506791875 0.36113331875 0.48576726875 0.35101351875 0.4922782625 0.3487928578125 0.49523399375 0.35703164374999996 0.5224464156249999 0.34323278125 0.530484446875 0.33180193125 0.526765196875 0.328168240625 0.5112173656250001 0.3262042578125 0.5050756546875 0.32505006718749996 0.5070432734375 0.3185924765625
33 0.2829544828125 0.195876646875 0.2697435546875 0.1840802234375 0.24905995 0.1971902875 0.2434087296875 0.2030779125 0.2674580375 0.2334394765625 0.2736460921875 0.238576509375 0.284259878125 0.237840178125 0.29160925312499997 0.23744824687500002 0.296432784375 0.2306510125 0.301004678125 0.237338921875 0.3063151359375 0.23727712968749998 0.3066238140625 0.2286939453125 0.3085593484375 0.21947900156250003 0.3028011796875 0.21617544843749997 0.2986556078125 0.21101465 0.29162916875 0.20404888593749998 0.2829544828125 0.195876646875
39 0.4217582984375 0.5380580609375001 0.4086079734375 0.5314699703125 0.4056415484375 0.5223120671875 0.3969347765625 0.5113824734375 0.39113739375 0.504708825 0.386181959375 0.500170275 0.38129069375 0.5011464328125 0.3760551 0.5076420484375 0.3738108875 0.5254401765625001 0.3869968625 0.5350919937499999 0.3952416609375 0.5414307515625 0.41730761406249994 0.54178681875 0.4217582984375 0.5380580609375001
57 0.712940615625 0.84414801875 0.71871304375 0.8486770625 0.7260089468750001 0.8436895421875 0.7267902890625 0.8406163093749999 0.7214691375 0.839758984375 0.712940615625 0.84414801875
57 0.9273752125 0.9798455765625 0.9326393265625 0.9758009390625 0.9329979140625 0.9715069703125 0.930514846875 0.9687781375 0.921925721875 0.9679588390625 0.9149064140625001 0.961605821875 0.9055537671874999 0.9653916171875 0.9064278015625 0.970284071875 0.9113974953125 0.9760481109375 0.9122964828125 0.9830851718750001 0.91516665625 0.9839710171875 0.9273752125 0.9798455765625
57 0.93760545625 0.9812586062499999 0.937129225 0.97544228125 0.934269746875 0.9754755546875 0.9306182312500001 0.9776629421875 0.9167935125 0.9833392578125 0.911138728125 0.9889205109375 0.9434170984374999 0.9891577453125 0.9401063453124999 0.9855193015625 0.9400600015625 0.9815364578124999 0.93760545625 0.9812586062499999
57 0.48092074218749997 0.7420542171875 0.48007166406249996 0.7393063703125 0.4743134953125 0.7360028187500001 0.470672675 0.7391093234375 0.462137021875 0.7428856125000001 0.4536013703125 0.7466619031249999 0.452425790625 0.750965378125 0.4557472390625 0.7555229406249999 0.45907938125000003 0.7609996203125 0.4599070703125 0.76190923125 0.4676043390625 0.7563042125 0.48092074218749997 0.7420542171875
39 0.5288418546875 0.2959706015625 0.5374737609375 0.30046637187499997 0.5390507078125 0.2955453984375 0.5380661609375 0.2811553953125 0.53344079375 0.269871896875 0.5210504234375 0.2583723375 0.49883830625 0.245454996875 0.48031691875 0.23372036562499998 0.47871858125 0.23680310312500003 0.4833974234375 0.25268219062499997 0.4904844671875 0.2648562859375 0.5141680578125001 0.2988990734375 0.5288418546875 0.2959706015625