12 0.5135059328125 0.5289206656250001 0.5200789703125 0.47477413437499993 0.5206569578125 0.46506735624999995 0.52048945 0.44904716093749997 0.5181864078125 0.44154448906250005 0.5164180828125 0.4317694671875 0.507547575 0.43265541875 0.50306239375 0.44167657968749996 0.501097690625 0.46564242343749995 0.5044368828125 0.47431918125 0.5030767921875 0.48400321562500004 0.5043237140625 0.49376307031250005 0.49593134218749996 0.502098615625 0.49685099531250004 0.5232884703125 0.502503215625 0.5377522640625 0.50902408125 0.53736995 0.5135059328125 0.5289206656250001
45 0.5103886625 0.437313859375 0.505656096875 0.44403992187499997 0.508962003125 0.458435471875 0.5115623625 0.4596550546875 0.51316318125 0.4534098796875 0.5103886625 0.437313859375
54 0.43414950937499996 0.54434381875 0.4280302234375 0.5653289484374999 0.4321415328125 0.575744090625 0.42790374218749994 0.5870603531249999 0.4299261125 0.5979867140625 0.44399400624999996 0.600111809375 0.452172275 0.5837623765625 0.451944859375 0.5780360015625 0.4457246375 0.5715633515625 0.4426860875 0.5560316265624999 0.438056703125 0.5450294375 0.43414950937499996 0.54434381875
6 0.48628863593749994 0.6356605125 0.48152170156249996 0.6034912140625 0.4781126109375 0.6068239156249999 0.48313691875 0.6395726734375 0.48628863593749994 0.6356605125
6 0.50365810625 0.47372455625 0.50134840625 0.46736564375 0.49949021250000003 0.47303135625000003 0.49524909062500005 0.4849194953125 0.49624862812500004 0.492384253125 0.50365810625 0.47372455625
6 0.49599125468749994 0.4918047921875 0.4964594015625 0.5009700203125 0.5030235359375 0.493153278125 0.502291359375 0.48455234531249997 0.49599125468749994 0.4918047921875
6 0.4973424421875 0.5284505484375 0.49458123593750003 0.5100670093749999 0.494210696875 0.5289314375 0.4973424421875 0.5284505484375
6 0.5567780421874999 0.35172276875 0.553676253125 0.347056746875 0.5505045671875 0.354400184375 0.5480817 0.36748515937500004 0.5509327734375 0.3704279625 0.5567780421874999 0.35172276875
6 0.5177937328125 0.374611890625 0.5281951625 0.3794902234375 0.525116671875 0.37082105 0.5186157765625 0.3677720890625 0.5177937328125 0.374611890625
27 0.53517310625 0.3453746265625 0.530520421875 0.338375590625 0.5228402546875001 0.35874334375 0.5271689984375 0.3766005 0.529294553125 0.3697986109375 0.5324196406249999 0.37046148125 0.5374328796875 0.3603117265625 0.53517310625 0.3453746265625
27 0.5253419234375001 0.2873191203125 0.5342091015625 0.2870050484375 0.5307856156249999 0.248011115625 0.5213404515625 0.2580319671875 0.5253419234375001 0.2873191203125
6 0.564954146875 0.2461450375 0.5761975953125 0.24075229375 0.574686640625 0.23155673437500002 0.564753359375 0.23584363125 0.564954146875 0.2461450375
6 0.5600485 0.2826088109375 0.569367184375 0.2943193625 0.570971334375 0.2875023109375 0.562190696875 0.2729475265625 0.5600485 0.2826088109375
6 0.62725521875 0.1146866953125 0.63707200625 0.1304155671875 0.639451603125 0.12476501874999998 0.6293741140625 0.109028565625 0.62725521875 0.1146866953125
6 0.6586614640625 0.049822926562499995 0.669894925 0.046145821875 0.6694334328125 0.035836834375 0.6592527640625 0.03782863125 0.6586614640625 0.049822926562499995
6 0.5812996187499999 0.1705476546875 0.587983578125 0.1421432640625 0.5853965343749999 0.138636165625 0.5792373078125 0.166483840625 0.5812996187499999 0.1705476546875
39 0.62526505 0.0534273921875 0.6107434046875 0.0844636984375 0.5741231328125 0.14917581875000002 0.5823856953125001 0.1631435578125 0.618417996875 0.10985385624999999 0.6447510890625 0.065433665625 0.6540254203125 0.039964496875 0.6653554078125 0.0197029015625 0.6612108109375 0.0150065453125 0.6493694078125001 0.033537340625 0.6404756015624999 0.0384264453125 0.62526505 0.0534273921875