7 0 0.9486269281249999 0.001138840625 0.9479778515625 0.0032969859375 0.9368155187499999 0.0013216687499999998 0.9322657390625 0.0077902078125 0.89928558125 0.010927165625 0.8911584015624999 0.0012559421875 0.8798114859374999 0.0030023000000000003 0.8749866484375 0.00304948125 0.8709319093750001 0 0.8693762953125 0 0.9486269281249999
38 0.548946021875 0.8165683640625 0.5415233078125 0.815344528125 0.530999021875 0.8192068156250001 0.5305665937499999 0.8273182609375 0.5463937828125001 0.832547665625 0.5531904937500001 0.8294672750000001 0.5532907546875 0.8208509546875 0.548946021875 0.8165683640625
41 0.6933317046874999 0.842082371875 0.68833738125 0.8355229218750001 0.6787830593749999 0.8431806296875 0.6739321781250001 0.8533450109375 0.6785235640625 0.86548169375 0.6858165296875 0.8778560609375001 0.717023734375 0.8976934218749999 0.72848555 0.9004141828125001 0.7541874328125 0.8995044421875 0.7677749578124999 0.8938505031249999 0.775289084375 0.8872182828125 0.7794785765625 0.8757907265625 0.776142146875 0.8720090781250001 0.7584664375 0.85133278125 0.7373274999999999 0.837771946875 0.7250951890625 0.8431645953125001 0.71702583125 0.8394104828125 0.6933317046874999 0.842082371875
39 0.6015061859374999 0.94777926875 0.5915931578125 0.957212890625 0.5727646562500001 0.948453290625 0.583340971875 0.969170890625 0.587799659375 0.992711525 0.5888578171875001 0.9965064281249999 0.6286614453125 0.9962748578125 0.6334651453125 0.990165215625 0.6328509375 0.984847303125 0.63099651875 0.9699072546874999 0.6452306875 0.96678359375 0.662634253125 0.9527451203125 0.6586659218750001 0.9451660875 0.6548981109375 0.9203544125 0.6134368640625001 0.9102060625 0.558135540625 0.8983644015625 0.5448860828125001 0.9040163734375 0.5377041234375 0.9111534703125 0.571001653125 0.9256571843750001 0.59048564375 0.9361868 0.6015061859374999 0.94777926875
39 0.58476735 0.7884855171875 0.5793111093750001 0.792571725 0.5792668765625 0.7963730421874999 0.5883681265625 0.7986007296875 0.6231565140625 0.8011857828125001 0.6368344031250001 0.81681725625 0.628291334375 0.8247224843750001 0.6274736578125 0.8368906328125 0.6357601796875 0.8510330500000001 0.6432330234375 0.847948725 0.6456437203125 0.8441336406250001 0.63559609375 0.8360831671875 0.6411083640624999 0.8271819562499999 0.6428989546875 0.8185558015625001 0.6316347109375 0.7988558218749999 0.6195026593749999 0.79563215 0.58476735 0.7884855171875
39 0.1501010265625 0.1734687109375 0.1210804078125 0.169076275 0.10992422187499999 0.16914118125 0.1126611890625 0.1663378109375 0.14951335937500002 0.16587000937500002 0.14585655625 0.16056979843750002 0.1299213078125 0.1355755078125 0.11684288125 0.1265290515625 0.11421502187499999 0.11995583437499999 0.10917941406250001 0.1169442828125 0.0945747421875 0.1228575421875 0.07997301875 0.1285173828125 0.0749108703125 0.12778662031250002 0.0626431734375 0.136220325 0.06294290625 0.139512834375 0.0547555953125 0.14589556718750002 0.0475058125 0.15886134999999998 0.0415227828125 0.17916848125 0.040346396875 0.19311254687499999 0.042230303125 0.205518384375 0.035401154687500005 0.2113864078125 0.0369735328125 0.2215134203125 0.033210571875 0.22533637343750001 0.0290623625 0.2332160328125 0.0286830140625 0.23676589531249997 0.0326690375 0.2428244015625 0.054148990625000004 0.25612985 0.0652963296875 0.2568252078125 0.0707702640625 0.251218471875 0.0775404359375 0.250418871875 0.08597145 0.25214365 0.09237406875000001 0.2538802296875 0.10760179375000001 0.2525246171875 0.117767371875 0.25043824375 0.1158038484375 0.24487477812499997 0.1210252328125 0.23192079531249998 0.12286005625 0.2194933234375 0.1199649 0.206839965625 0.12614445624999998 0.198695084375 0.1322473421875 0.19713915625 0.1383502265625 0.195583225 0.1411314265625 0.188978540625 0.15134418593750001 0.1828374265625 0.1501010265625 0.1734687109375
42 0.158698421875 0.0446894453125 0.1627965 0.041117946875 0.08108472343749999 0.032977595312500003 0.051705396875 0.030361074999999998 0.047263353125000004 0.0344413828125 0.0938634203125 0.03873154375 0.158698421875 0.0446894453125
57 0.21396625937499997 0.0884602078125 0.20518833124999997 0.0874976609375 0.204057228125 0.0684989390625 0.20926386875 0.0568120609375 0.19753770625 0.0477577375 0.171727765625 0.0289025921875 0.1655010296875 0.0411022125 0.14870577499999998 0.0609654375 0.14351093125 0.07163863125 0.137352015625 0.07800956249999999 0.1871842546875 0.124092584375 0.1912469484375 0.123562140625 0.1737511171875 0.0874271515625 0.202132890625 0.117670515625 0.2373341140625 0.08477660000000001 0.23101996093750002 0.0754373859375 0.2248551515625 0.08231516093749999 0.21396625937499997 0.0884602078125
33 0.795157140625 0.10940572500000001 0.84295233125 0.0690898234375 0.8376051953125 0.06379944843749999 0.8376966093749999 0.055943390625 0.8299800625 0.050920204687500005 0.8290218906250001 0.0461111015625 0.8294690640625 0.0367325515625 0.830192378125 0.032673879687500004 0.8260328984375 0.0269964875 0.8243139828125001 0.026958428125 0.8252010015625 0.025861009375 0.7891399671875 0.0164414515625 0.7882513343750001 0.0175408671875 0.7874202515625 0.0160713515625 0.7719428203125 0.012740442187500001 0.755382421875 0.0414714421875 0.7265366359375001 0.080156675 0.687766025 0.1292892140625 0.6985133734375 0.13530838437499998 0.7397132265625 0.1388697515625 0.7498499062499999 0.1392669046875 0.7566076921875 0.13953167500000002 0.7780798484375 0.124455915625 0.795157140625 0.10940572500000001
57 0.6530972953124999 0.2326263515625 0.64337004375 0.22609443749999997 0.6252136765625 0.2467257953125 0.6400237171875001 0.252214521875 0.65111208125 0.257978303125 0.6575029031249999 0.26072856875 0.6593082375 0.25083530781249996 0.6668636484375 0.2406551890625 0.6659143249999999 0.2350858234375 0.6530972953124999 0.2326263515625
33 0.9869753078124999 0.1257746375 0.9984076359375 0.1310296109375 0.9976794734375 0.10645365625 0.9802120828125 0.096925925 0.9715392640625 0.115981684375 0.9869753078124999 0.1257746375
16 0.6787474109375 0.5266792031249999 0.6675912234375 0.5267441078124999 0.6574639796875 0.5255360062500001 0.6459903687499999 0.5238289296875001 0.6387789234375 0.5335002375 0.6332872953125 0.5406275 0.6408770421875001 0.556547796875 0.6434488765624999 0.567936015625 0.6531820265625 0.5739610875000001 0.6558039890625 0.5810411453125 0.661836103125 0.5855673234375 0.6736507281249999 0.5870190140625 0.7230526359375 0.5829305406249999 0.7552308546875001 0.57742185 0.7579796187500001 0.573604796875 0.766454865625 0.5715282578124999 0.7785692234375 0.576272453125 0.8428165578125 0.5746316546875 0.8529821343749999 0.5725452796875 0.871231815625 0.5729459140625 0.88214135 0.5650269203125 0.8836410562499999 0.55234799375 0.887107234375 0.5449791109375 0.901326659375 0.5431225562499999 0.901100646875 0.53349451875 0.8896801156249999 0.5272258609375 0.8867908578125 0.514065659375 0.881699221875 0.515869109375 0.8755697984375 0.51970583125 0.8644136109374999 0.5197707359375 0.8570026921875 0.517533215625 0.8522432249999999 0.519841540625 0.846809525 0.55104185 0.8439114234374999 0.5386419109375 0.8356769296875 0.5490793843749999 0.8388315828125 0.5394316781249999 0.8412688171875 0.5333358015624999 0.8396640015625 0.5259964203124999 0.8376886828125001 0.521446640625 0.82486280625 0.51974743125 0.8123690984374999 0.5185530968750001 0.788754590625 0.5143826140625001 0.777648534375 0.5101393578125 0.7472107765625 0.51133005625 0.7475075578125 0.5148759859375 0.7406695640625001 0.5215042734375 0.7357017781249999 0.5126640328125001 0.73136884375 0.5073677578125 0.7239402312500001 0.5066507640625 0.7032385718749999 0.5136131109375001 0.686899334375 0.5233375234375 0.6787474109375 0.5266792031249999
39 0.0816573234375 0.6228988453125 0.071159575 0.6244803453125 0.0620553765625 0.622506078125 0.072606203125 0.616363 0.087884059375 0.6106992265625 0.0876226625 0.6041122421875 0.0729501671875 0.615854190625 0.065486171875 0.6181782515625 0.074829225 0.5996254000000001 0.0756233078125 0.58948461875 0.0882703546875 0.5775010515625 0.0890290546875 0.570401325 0.0704324625 0.5707629203125 0.045797856250000005 0.5671051796875 0.0427129296875 0.599812246875 0.0469544515625 0.6129645796875 0.050454968749999995 0.6316961125 0.0523506671875 0.643088265625 0.0766590015625 0.6457342890625 0.093562315625 0.6456359484374999 0.09633171874999999 0.640044946875 0.09182585 0.62055905 0.0816573234375 0.6228988453125