6 0.14987934375 0.7004153625 0.13820668281249998 0.6785114359375 0.134883490625 0.6832827765625 0.1453859234375 0.704969540625 0.14987934375 0.7004153625
6 0.17908570937499999 0.7126527796875 0.18260708125 0.7170448859375 0.18977485 0.7033655015625 0.1888307765625 0.69802219375 0.18598127343749998 0.70002248125 0.17908570937499999 0.7126527796875
6 0.23887683124999998 0.6356155265625001 0.24057748124999997 0.6408793171875 0.251300334375 0.6373711906249999 0.2534179359375 0.6320462453125 0.2503932734375 0.6269216156249999 0.2405454203125 0.6296574578125 0.23887683124999998 0.6356155265625001
6 0.27522220625 0.6120662859375 0.2715700734375 0.61006903125 0.2701613515625 0.6166801046875 0.27586939843749997 0.6218628578125001 0.2856892765625 0.6334166078125001 0.286884178125 0.63022959375 0.280244396875 0.6180014421875 0.27522220625 0.6120662859375
6 0.31859397968750003 0.49525545156249995 0.3362131828125 0.515513896875 0.3380232171875 0.5109015953125 0.3356737234375 0.5012839421875 0.32163427968749997 0.4877925765625 0.319115365625 0.49111875156250007 0.31859397968750003 0.49525545156249995
35 0.42036190468749995 0.535582975 0.4220058203125 0.5330290828125 0.40601167499999996 0.455453225 0.405930265625 0.45103972031249995 0.3981259921875 0.45866315156250004 0.3698908078125 0.47931902812500005 0.363790484375 0.48132083124999997 0.36508982031250004 0.48458585000000004 0.393273925 0.55441748125 0.3971398765625 0.552990678125 0.40529776562500003 0.548731665625 0.42036190468749995 0.535582975
35 0.3671876984375 0.46633695781249995 0.360578328125 0.470773371875 0.3612625328125 0.47546367656250005 0.3634138453125 0.4759178828125 0.3648192671875 0.480192225 0.371108734375 0.47817054218750005 0.3923916203125 0.462327284375 0.4001481953125 0.4560695015625 0.40373125468750004 0.45195116406249997 0.40229047187500006 0.447340378125 0.40405280781249997 0.44409372343750003 0.40103883281249997 0.44270971406250004 0.3890026546875 0.4500976171875 0.3783258515625 0.4576828046875 0.3671876984375 0.46633695781249995
6 0.4372187921875 0.53585219375 0.45173522187500004 0.535687090625 0.45576729218749995 0.5322018765625 0.45075743749999997 0.52456463125 0.43543673125 0.5261749015625 0.4351752140625 0.53096460625 0.4372187921875 0.53585219375
6 0.5809448984375 0.40407163593749995 0.587234365625 0.40204995156249995 0.5862565828124999 0.39092749375 0.5786299796875001 0.35839355624999997 0.572446596875 0.361424565625 0.5800255015625 0.39532415 0.5809448984375 0.40407163593749995
6 0.639496559375 0.47717451874999994 0.6469061218750001 0.445781484375 0.6507202890625 0.42020887656249994 0.642284459375 0.40544823125 0.6412310015625 0.4099810125 0.6399834484375 0.4308618 0.635458753125 0.4605909890625 0.63316269375 0.4696764328125 0.639496559375 0.47717451874999994
6 0.6921259703125 0.12093961875 0.69645326875 0.11844384999999999 0.69217696875 0.10868855468750001 0.667419625 0.082377190625 0.6633612296875 0.09470928906250001 0.6874450546875 0.12007096718750002 0.6921259703125 0.12093961875
6 0.47147759999999994 0.7271622203125 0.46911411875000003 0.724689365625 0.46047020781250003 0.7334215203125 0.45571691875000003 0.7373226953125 0.45680243593750003 0.744011771875 0.45915358125 0.7481867156249999 0.4725030828125 0.7369190328124999 0.47147759999999994 0.7271622203125
6 0.42171365156249996 0.755863553125 0.41901958125 0.7520648125 0.4165837265625 0.7543617796875 0.41189621093750006 0.7752639625 0.414305740625 0.7818138796875 0.41683534218749996 0.782228325 0.42122762968750005 0.7603366968749999 0.42171365156249996 0.755863553125
57 0.5611339125 0.5558235578125 0.567944765625 0.5496651734375 0.562582946875 0.5332208015625 0.5561109359375 0.5134915328125 0.551203865625 0.5177490296875 0.5524538546875 0.527822403125 0.5611339125 0.5558235578125
57 0.49731905000000004 0.5308960375 0.5011266156249999 0.5270942625 0.4943240140625 0.5060391046875 0.4877689421875 0.48733904062500005 0.483701509375 0.49048781249999995 0.4914851953125 0.5117800109374999 0.49731905000000004 0.5308960375
35 0.6355509296874999 0.390508665625 0.678391259375 0.46696367031249997 0.7174570296875 0.4383662859375 0.7170713531249999 0.423780009375 0.7157926046875 0.39159936093750003 0.7148995328125001 0.374004990625 0.7131561328125 0.3537787234375 0.7089217953125 0.3225890375 0.68608135625 0.329071565625 0.6746372875 0.332995653125 0.6654259421875001 0.3417874484375 0.6579522578125 0.3507367671875 0.64590044375 0.37071217500000003 0.6355509296874999 0.390508665625
6 0.7158322109374999 0.2609743671875 0.7227548859375 0.275894053125 0.730041859375 0.29791877499999997 0.739541834375 0.3118872578125 0.7415920125000001 0.2950040125 0.7390213140624999 0.2741843828125 0.729524640625 0.24933048281249998 0.7240320625 0.2352809640625 0.71826563125 0.2277232390625 0.7158684390625 0.2194712328125 0.7065033078125 0.22861935 0.7133059109375 0.24967450625 0.7158322109374999 0.2609743671875
58 0.84471868125 0 0.8453717734374999 0.0160514875 0.8487237249999999 0.0333874203125 0.8608783234375 0.0253067515625 0.8606801421875 0.01614330625 0.8599268656250001 0.0053374078125 0.8610980921875001 0 0.84471868125 0
57 0.640141396875 0.3777804859375 0.642520515625 0.3676658359375 0.6353963625 0.3544681203125 0.6163881609375 0.35374469531249997 0.6164909468750001 0.36563943593750003 0.6283330281249999 0.3745995359375 0.640141396875 0.3777804859375
6 0.97697824375 0.283870259375 0.9795911 0.2796184 0.9772286828125001 0.2571415015625 0.9763129781250001 0.2557070328125 0.9589108968750001 0.221139115625 0.949213528125 0.23440405156250002 0.97697824375 0.283870259375
57 0.886936415625 0.28414975937500003 0.894702028125 0.287075303125 0.905709421875 0.280816003125 0.9091436484375001 0.2607258640625 0.8932234484375 0.2511739171875 0.886936415625 0.28414975937500003
57 0.599026234375 0.4596579828125 0.60471125625 0.46280220625 0.6073609296875 0.457081178125 0.594555053125 0.4298538234375 0.5890821984375 0.4287282515625 0.5969472953125 0.454433953125 0.599026234375 0.4596579828125
57 0.1336161359375 0.7694760609375 0.1305026765625 0.7453118921875 0.1280437984375 0.7455703312499999 0.12998702812500001 0.7695173359374999 0.1336161359375 0.7694760609375
57 0.979914903125 0.28269918125000004 0.9677208500000001 0.2885849921875 0.9758992484375 0.3336467953125 0.984889240625 0.3300268359375 0.979914903125 0.28269918125000004