8 0.5018777015625 0.2241005515625 0.5052453453125 0.2208694375 0.5096474640624999 0.18108215 0.47650243750000004 0.20698368281250001 0.407153590625 0.2570961375 0.18440684062499998 0.41679434843749996 0.189597884375 0.434940740625 0.283423534375 0.5104420625 0.384276284375 0.5743161875 0.48355694062500004 0.49907245 0.6435027921875001 0.380348734375 0.66441264375 0.34768475625 0.6636292453125 0.33649531875 0.5018777015625 0.2241005515625
12 0.550648103125 0.24871784375 0.56213624375 0.2354771484375 0.562976484375 0.22414583437500002 0.5444251078125 0.1878326859375 0.51695948125 0.192190578125 0.5083416515625 0.2090962484375 0.51214748125 0.2307899984375 0.54099141875 0.2507853453125 0.550648103125 0.24871784375
12 0.5622213953124999 0.2366933921875 0.5653812203124999 0.24449359375 0.5742680859375 0.24543020000000002 0.6002292859375 0.24291692656250002 0.6538093859375 0.23823499531249998 0.668577715625 0.2298471453125 0.6683075296875 0.2166549671875 0.665184065625 0.20004106250000003 0.65146264375 0.1907163828125 0.5607749625 0.21136715625 0.563027575 0.2248755796875 0.5622213953124999 0.2366933921875
12 0.616123921875 0.24128328593749998 0.5734131140625001 0.2472180671875 0.55914211875 0.24870982968750002 0.5545107765624999 0.2478908421875 0.5563875703125001 0.26069789375 0.565633225 0.2620926234375 0.578741553125 0.26266034843749997 0.5963097687500001 0.2662646796875 0.6514055734374999 0.283231878125 0.6593704984375 0.2803332578125 0.6632195921874999 0.265312709375 0.6607978265625001 0.24472170000000001 0.6437939140625 0.239844378125 0.616123921875 0.24128328593749998
12 0.6576718328125 0.3074027359375 0.659863228125 0.2920375671875 0.6551649140625 0.28559548437500004 0.598685046875 0.26752554375000004 0.579373978125 0.26236035 0.5705892953125 0.2628832359375 0.568108384375 0.274113178125 0.639262225 0.319779821875 0.650063396875 0.32005967968750004 0.6576718328125 0.3074027359375
12 0.73167710625 0.22580182187500003 0.723984896875 0.1625976796875 0.710945840625 0.158352846875 0.6701663703125 0.163874128125 0.6632936921875 0.1730404625 0.6701479640625 0.23827572031250002 0.679904528125 0.2469679078125 0.7261873421875 0.2407209984375 0.73167710625 0.22580182187500003
12 0.8178653140625001 0.15488370625 0.8114241484375 0.146880759375 0.7954625421875 0.1428913046875 0.72378053125 0.1596786953125 0.7311355859375 0.2040675671875 0.8050736609375001 0.18683829999999998 0.8200815671875 0.17720583125 0.8209728999999999 0.1666042609375 0.8178653140625001 0.15488370625
12 0.7366989984375001 0.23686562968749997 0.7346972375 0.24560633437499998 0.7398042796875 0.257886384375 0.7481256921874999 0.26474608437499997 0.7542943703125 0.2688570515625 0.772188465625 0.26778290625 0.849548725 0.23410197500000002 0.850065390625 0.2181489359375 0.841267128125 0.204478275 0.8267247953125001 0.19742796093749998 0.817991203125 0.1986805921875 0.7429903421875 0.2287290390625 0.7366989984375001 0.23686562968749997
12 0.761459790625 0.3198703875 0.7601756078124999 0.32952733749999996 0.764343678125 0.3377289109375 0.7740661828125 0.3459346015625 0.7871733609375 0.35115242812499997 0.80250369375 0.35079178125 0.810896678125 0.344674178125 0.8692047765625001 0.295526484375 0.867788953125 0.284637046875 0.8587340859375001 0.271967753125 0.8475400625 0.2707432765625 0.8352696765625 0.2681444359375 0.8205195281250001 0.2721254359375 0.761459790625 0.3198703875
12 0.708889084375 0.3203035890625 0.7314814921874999 0.3256715265625 0.7503180109375001 0.3147255578125 0.7590368734374999 0.3039294796875 0.7616199671875 0.294159028125 0.718273509375 0.24434936562499998 0.687082603125 0.2468301484375 0.6723823953125 0.2561909953125 0.6672525703125001 0.26691819375 0.708889084375 0.3203035890625
12 0.6934441421875001 0.300361096875 0.6811919359374999 0.29335540312499997 0.667587425 0.295033665625 0.6599301984375 0.2976606609375 0.6583894109374999 0.30831898125 0.650063396875 0.32005967968750004 0.6395358625 0.3190217 0.6642616703125 0.33619531875 0.6649939781249999 0.3466550109375 0.6603773640624999 0.3553794703125 0.6738228484375 0.37476246875 0.68258935 0.378646434375 0.6998510203125 0.3778722875 0.7162940796874999 0.37007230625 0.7299690125 0.360066840625 0.731270225 0.350653140625 0.6934441421875001 0.300361096875
12 0.5998949 0.42013558125 0.5604062890625 0.4580940578125 0.5406807390624999 0.470341396875 0.536166309375 0.48052534687500004 0.5426926265625001 0.4897445375 0.559114053125 0.5003017046875 0.574443234375 0.5045911578125 0.5841691906250001 0.49884655 0.5911939921875 0.4965195515625 0.6234522874999999 0.4626191890625 0.6516730046875 0.4457137390625 0.6431143171875 0.43079845937499994 0.62804289375 0.42085753593749997 0.61088455625 0.41844107499999994 0.5998949 0.42013558125
12 0.827880803125 0.4985979359375 0.83451620625 0.4813760203125 0.8364010531250001 0.46163237500000004 0.82985655625 0.4568200359375 0.73946644375 0.4490553390625 0.7214860484375001 0.45356334218749994 0.713598221875 0.49022890312499995 0.7271323093750001 0.4968778453125 0.818787271875 0.5040425453124999 0.827880803125 0.4985979359375
12 0.46418419999999994 0.6050231484374999 0.465024440625 0.5936918359375001 0.45918048906250003 0.5895524921875 0.44556125 0.5816873046875 0.40809833125 0.583247728125 0.382344946875 0.5747296875 0.36648667343749997 0.5675496265625 0.3540788921875 0.56765489375 0.347069971875 0.5748752406250001 0.338332928125 0.5900781687500001 0.3377481421875 0.6050582140625 0.34564264375 0.6104867984375 0.36100588437500003 0.6152627484375001 0.3870340578125 0.6183725671875 0.42275297343749996 0.6199013796874999 0.42692104375 0.6281029546875 0.43396172499999996 0.6306693046875 0.44782284062500005 0.6279896734375 0.45896807187500005 0.6191842046875 0.46418419999999994 0.6050231484374999
12 0.39571310625 0.6303404875 0.3806076203125 0.6199130671875 0.36237291875 0.6161222421875 0.3530591421875 0.61375451875 0.32461588125 0.6321478359375 0.29274468124999997 0.6902433140625 0.29892924062500004 0.69924763125 0.309814415625 0.70539383125 0.31018908437500003 0.7107453015625 0.31521327499999996 0.712508909375 0.326527659375 0.710786028125 0.342779934375 0.714260609375 0.347771215625 0.7108876203125 0.35910378125000003 0.7047578859375 0.3681837328125 0.68511973125 0.3864400671875 0.6705534078125 0.40269924531249995 0.646127390625 0.39571310625 0.6303404875
12 0.44067469531250003 0.8525484562500001 0.423752484375 0.862837675 0.42508085468749995 0.88181106875 0.43016971562500006 0.8984979703124999 0.4400284640625 0.9086496500000001 0.4507104234375 0.9072267671875001 0.461853353125 0.9077214984375 0.5550707375 0.885870728125 0.5656357843750001 0.8734449046874999 0.5658776624999999 0.8629000859374999 0.5604300109375 0.8457550640625 0.5484355609375 0.8330979 0.5342338375 0.830912559375 0.44067469531250003 0.8525484562500001
45 0.3171786734375 0.71258190625 0.325776021875 0.7093832859375 0.3313157265625 0.6998439546874999 0.32588165625 0.696892478125 0.31619091093749996 0.698473484375 0.309762171875 0.7093141859375 0.3171786734375 0.71258190625
45 0.5610647203125 0.490831253125 0.5574938656249999 0.48649328125 0.5510685796875 0.483383684375 0.5516487640625 0.48700403750000004 0.5582784125 0.49303262031250006 0.5610647203125 0.490831253125
45 0.748298296875 0.257878371875 0.7515467265625 0.25294451875 0.7459082890625 0.247074059375 0.7388993703125 0.25429440625 0.748298296875 0.257878371875
45 0.46103680156250004 0.6160665937500001 0.46600990312499996 0.61710045625 0.46922427187500004 0.6116801046875 0.466268809375 0.6067988875 0.46103680156250004 0.6160665937500001