8 0.7936653578125 0.325193325 0.8183525609375 0.3296481375 0.8387880265625001 0.33073308749999997 0.838831421875 0.3134654390625 0.782503653125 0.30329353124999997 0.7398703015625 0.2942952390625 0.7140299890625 0.2873276921875 0.7041469171875 0.3038268734375 0.72273868125 0.30896966406250004 0.7466145265625 0.31440210468749996 0.7470115265625 0.3173668203125 0.7525631671874999 0.3184817734375 0.76552041875 0.323298078125 0.7733317078125 0.3265106140625 0.7829314515625 0.32619095625 0.7899400625 0.326927590625 0.7936653578125 0.325193325
8 0.6695568515625 0.2486404125 0.6578647906249999 0.255383315625 0.6591726328124999 0.303617234375 0.6536218359375 0.3665424046875 0.649736403125 0.46418702968750003 0.66304016875 0.50278699375 0.6655381625000001 0.49587493125000004 0.6708325109375 0.502808821875 0.6886807625 0.47120323593749996 0.6805056031250001 0.44111410156249997 0.6945362671875001 0.4694271375 0.701357015625 0.448354471875 0.6874368468750001 0.41899014218749997 0.691927675 0.35940800624999997 0.6921076 0.330728478125 0.68171544375 0.3352164703125 0.679897778125 0.3289137203125 0.67754499375 0.320960371875 0.6800761171875 0.2901364265625 0.685621409375 0.2508603171875 0.6739743296875 0.2504333390625 0.6695568515625 0.2486404125
7 0.48502695312500005 0.460427409375 0.49529993437500003 0.4604442390625 0.49958797343750005 0.46009774999999997 0.5018373546875 0.455551096875 0.4978429125 0.446362296875 0.467177859375 0.4279928703125 0.4575781140625 0.42831252812500004 0.4540288265625 0.43511409375000004 0.4586499375 0.441711496875 0.48502695312500005 0.460427409375
38 0.501265934375 0.45761684843749995 0.4987939734375 0.45416832031250004 0.493399396875 0.4549299578125 0.49368590156250003 0.458945965625 0.49985553281249995 0.46092305156249996 0.501265934375 0.45761684843749995
38 0.543772075 0.30264864999999996 0.5521547828125 0.303795434375 0.5539984875 0.2997375953125 0.549230578125 0.2979078359375 0.54418643125 0.29870630625 0.543772075 0.30264864999999996
38 0.5269055828125 0.2440104859375 0.5273025812500001 0.2469752 0.5360633453125 0.24789599375 0.5357492171875 0.244142809375 0.5269055828125 0.2440104859375
7 0.5379481125 0.2704150984375 0.5396813203125 0.2674085515625 0.5412574640625001 0.26252541093750004 0.5384161296875 0.25584934375 0.5368936468750001 0.250109071875 0.5352606671875 0.2454200921875 0.527200765625 0.2445729625 0.5277548296875 0.24941426875 0.51995539375 0.2629437359375 0.5205647046874999 0.2672593984375 0.5185363125 0.26970346875 0.517762846875 0.277062509375 0.5169443984375001 0.2915914328125 0.5245157515625001 0.2937158453125 0.5319024171875 0.294226490625 0.53665138125 0.292865540625 0.53955346875 0.2753669015625 0.5379481125 0.2704150984375
11 0.5075987750000001 0.2658966234375 0.49651443593750005 0.266857421875 0.49080573125000004 0.263865878125 0.48395418437500004 0.265005834375 0.4854956125 0.2739368125 0.48723199531250005 0.291125796875 0.49375205624999996 0.2931397140625 0.5000874296875 0.29353986249999997 0.5057771890625 0.2933407015625 0.510550603125 0.2715214 0.511610575 0.2681783640625 0.5075987750000001 0.2658966234375
33 0.49787668125 0.250525571875 0.48077977812499995 0.2513858765625 0.47307030625 0.250575578125 0.47745147968749996 0.2560848578125 0.49261313125 0.2635243890625 0.4983494609375 0.2662531125 0.507654021875 0.265370978125 0.5162387765625 0.261224471875 0.50877791875 0.25804876718749997 0.5004038890625 0.253448453125 0.49787668125 0.250525571875
39 0.6836867984375 0.0872353140625 0.6784855875 0.0861571921875 0.6725101671875 0.1463804703125 0.6920032515625001 0.1362058671875 0.703400128125 0.1289004859375 0.7042185765625 0.1143715609375 0.695399390625 0.0937808828125 0.6894318046875 0.08651050625 0.6836867984375 0.0872353140625
6 0.335918165625 0.675671590625 0.31614725625 0.6783766578125 0.3168946875 0.6813782046875 0.3362322921875 0.6794247734375001 0.335918165625 0.675671590625