35 0.5637542171875001 0.45442930156249994 0.5548233984375 0.455706984375 0.49534659843749995 0.47870528125 0.48999457968750004 0.48551959062499994 0.48790682968750004 0.498296421875 0.48999721406249996 0.513202725 0.4955771953125 0.5259795578124999 0.5023409734375 0.5306643953125 0.5623454015625 0.5255536625 0.5722743343750001 0.5276831343749999 0.577955753125 0.5217206140624999 0.5826093234374999 0.5097955703125 0.5833992968749999 0.4953151625 0.5806848015625 0.48168654218749996 0.575065175 0.46550255468749996 0.5637542171875001 0.45442930156249994
57 0.57169156875 0.3952299828125 0.57490628125 0.3969335609375 0.5759093484375 0.400766609375 0.5743664171875 0.4054514484375 0.5712210859375 0.4097103921875 0.5712805546874999 0.414821125 0.5725882453125 0.417376490625 0.575163978125 0.41908006875000003 0.5762265140625 0.42802385000000004 0.5810039796875001 0.4267461671875 0.5876983765625 0.42546848437499996 0.5940782421875 0.4246166953125 0.5972334859374999 0.42120954062499993 0.5991008609375 0.416950596875 0.598451971875 0.4160988078125 0.5990364359375 0.41141396874999997 0.5992915015625 0.40587734218750005 0.6008542546875 0.40289608125000004 0.6034349437500001 0.40502555312500005 0.601738384375 0.396507665625 0.5984889843750001 0.39182282812499997 0.5939715390625 0.387989778125 0.59106145 0.3850085171875 0.5868535828125 0.38032367968749997 0.581692203125 0.3760647359375 0.5791115140625 0.3739352640625 0.5790569999999999 0.36925042656249996 0.5752132234375 0.3683986375 0.5704208921875 0.3683986375 0.5691627593749999 0.3701022140625 0.564684959375 0.36967632031250003 0.56057125 0.373083475 0.5580401203124999 0.375212946875 0.5618640734375 0.3743611578125 0.5634862968750001 0.3764906296875 0.5648237203125 0.3816013625 0.5677486765624999 0.38586030625 0.57169156875 0.3952299828125
6 0.541914684375 0.38969335625 0.543881175 0.3939523 0.5591373453124999 0.3871379890625 0.5584389 0.3820272578125 0.5444408593750001 0.3871379890625 0.541914684375 0.38969335625
6 0.5400274859375 0.39224872187500004 0.5380709078125 0.38884156718749996 0.5228642921875 0.399914821875 0.521616071875 0.40247018749999997 0.524211628125 0.40587734218750005 0.5394281546874999 0.3956558765625 0.5400274859375 0.39224872187500004
6 0.5293234499999999 0.40587734218750005 0.5225920390625001 0.43143100468749995 0.52642590625 0.43143100468749995 0.533826028125 0.408432709375 0.5293234499999999 0.40587734218750005
6 0.50963408125 0.4160988078125 0.49301075 0.41524701875 0.4918120859375 0.422061328125 0.5090644828124999 0.422061328125 0.50963408125 0.4160988078125
6 0.513096578125 0.4390971046875 0.517688359375 0.44931856875 0.5234094234375 0.446763203125 0.5175297750000001 0.4356899484375 0.513096578125 0.4390971046875
6 0.4868092921875 0.43143100468749995 0.4702949875 0.4399488921875 0.47038419062500003 0.4476149921875 0.48878569374999997 0.43654173749999997 0.4868092921875 0.43143100468749995
6 0.5113283171874999 0.4518739359375 0.5029324046875 0.4442078359375 0.5004359625 0.44931856875 0.504968275 0.45442930156249994 0.5113283171874999 0.4518739359375
6 0.50434911875 0.45613287968750005 0.5086336453125 0.4399488921875 0.5047997796875 0.4399488921875 0.500515253125 0.45613287968750005 0.50434911875 0.45613287968750005
6 0.49770164687499996 0.433986371875 0.4941353890625 0.4569846671875 0.4986082328125 0.4569846671875 0.5021744890625001 0.433986371875 0.49770164687499996 0.433986371875
6 0.4874383578125 0.430579215625 0.5117294203125 0.43143100468749995 0.5110309734375 0.426320271875 0.488017865625 0.42546848437499996 0.4874383578125 0.430579215625
6 0.5630901484375 0.3973594546875 0.568741834375 0.38884156718749996 0.56610663125 0.3820272578125 0.5605144171875 0.3956558765625 0.5630901484375 0.3973594546875
6 0.5726549921874999 0.3956558765625 0.5700197890625 0.38884156718749996 0.56374895 0.3990630328125 0.5631694406250001 0.40417376562499996 0.565096284375 0.40502555312500005 0.5726549921874999 0.3956558765625
6 0.5632982890625 0.41524701875 0.5647150062499999 0.42717206093750004 0.5678900703124999 0.42546848437499996 0.5671321546875 0.41524701875 0.5632982890625 0.41524701875
6 0.620180609375 0.141822828125 0.6118937234375 0.1435264046875 0.613231146875 0.14863713750000002 0.6202499890625 0.14778534999999998 0.620180609375 0.141822828125
6 0.063356059375 0.5574957406250001 0.05378130625000001 0.5583475296875 0.0532017984375 0.5634582625 0.064703396875 0.5634582625 0.063356059375 0.5574957406250001