20 0.2782863484375 0.6630780749999999 0.269015878125 0.6432881890625 0.2687796296875 0.6338432218750001 0.2522724625 0.6091347593750001 0.24419538749999997 0.6055855953125 0.238274265625 0.6113021859375001 0.2356309546875 0.621015971875 0.25205711875 0.6483139109375 0.2580950140625 0.6507624828125 0.271166425 0.666324665625 0.2782863484375 0.6630780749999999
57 0.22617225468750002 0.3675803296875 0.2159736453125 0.368962728125 0.22068920625000002 0.377989534375 0.23456657656250002 0.37798498281250004 0.23380855 0.3733222375 0.22617225468750002 0.3675803296875
7 0.41282048437499996 0.35833203281250003 0.40877924375 0.363442809375 0.40581868125 0.3663011046875 0.40957709218750005 0.3685321578125 0.41637436406250006 0.37220079687499996 0.4392103625 0.3713599234375 0.44001361875 0.3626785515625 0.43509622812500004 0.3584040984375 0.41282048437499996 0.35833203281250003
11 0.41539153593749994 0.4308159609375 0.41123622656250003 0.4208762140625 0.4068763890625 0.4225741796875 0.395958228125 0.423163115625 0.3855220203125 0.4185432265625 0.380960353125 0.42499354531250005 0.389994578125 0.43533846406250004 0.39807165312500004 0.4388876296875 0.414547103125 0.44251340937499994 0.41539153593749994 0.4308159609375
7 0.9566913046875 0.42460633437500006 0.955734153125 0.41781058125000003 0.9511367171874999 0.41350625937499996 0.945057646875 0.41407376406249996 0.9341739062500001 0.42886002031250003 0.9339309 0.43662845156249996 0.9371688859375 0.44019904531250004 0.9415287234375 0.4385010796875 0.9469678937499999 0.4379933109375 0.9566913046875 0.42460633437500006
38 0.9387315171875 0.4327377421875 0.9350514046875 0.434802571875 0.9368887578124999 0.4406555140625 0.941049475 0.4368245421875 0.9387315171875 0.4327377421875
7 0.9601648171875 0.54132889375 0.9574897874999999 0.5299599984375 0.9266590671875001 0.521219553125 0.9205401734375 0.5213604562499999 0.910621690625 0.522286384375 0.9044629703125 0.5220006890625 0.906099846875 0.52916330625 0.9209741921875001 0.5363811093749999 0.9330101546874999 0.5408516546875 0.9601648171875 0.54132889375
57 0.4678040421875 0.5773954031249999 0.47283415 0.600163059375 0.47710758281250004 0.6148252890625 0.481626721875 0.6148337296874999 0.502393175 0.5883669031250001 0.4979962140625 0.5827529078125 0.48931771093750004 0.5831327625 0.4781990734375 0.58503136875 0.48004183281249996 0.5771135968750001 0.4678040421875 0.5773954031249999
39 0.515561634375 0.9679700734375001 0.539076009375 0.97093874375 0.55411235625 0.9729775937499999 0.5642711390625 0.9711685921875001 0.583468203125 0.9693764703125 0.5953050390625 0.97171400625 0.6077687421875 0.9894845140624999 0.6266128140625 0.98772534375 0.6140242015624999 0.9648026671875 0.6002784703125 0.935102903125 0.5742990031249999 0.895356909375 0.5702645203125 0.8832542859375 0.5680329734375 0.8628072875000001 0.536035165625 0.8726795203125001 0.52919671875 0.8720269578125001 0.507593940625 0.88953515625 0.49947163593750005 0.899330109375 0.486909840625 0.9099698249999999 0.46890482499999997 0.9314453484375 0.4708603015625 0.9420207765624999 0.47369598125 0.9516533968750001 0.47845136874999994 0.9611068046875 0.49624644843750004 0.9650397125 0.515561634375 0.9679700734375001
57 0.5854777359375001 0.8422447046875 0.6236511140625 0.8916103296875001 0.6242343406249999 0.8321718328125 0.5854777359375001 0.8422447046875
57 0.0781042234375 0.9180111234374999 0.08238171093749999 0.9223453140625001 0.0974700453125 0.8938266484374999 0.08095476874999999 0.889774265625 0.0790323609375 0.8968388375 0.07494994375 0.90496569375 0.0781042234375 0.9180111234374999
57 0.31202644375 0.391839434375 0.33574129531249997 0.3934984328125 0.33822395781250003 0.38552092031249996 0.31202644375 0.391839434375