39 0.9693718484374999 0.12337692656249999 0.9740483187500001 0.1166244734375 0.9730467859375 0.09946376875 0.9718114296874999 0.082640690625 0.9664821046875 0.0825508859375 0.9624728328125001 0.0790151484375 0.9498202453125 0.122863540625 0.9558474546875001 0.1262230890625 0.963816890625 0.11942103125 0.9693718484374999 0.12337692656249999
7 0.8190050093749999 0.26196106874999997 0.8241941546874999 0.2509608578125 0.8307412140625001 0.2415074234375 0.8372616609374999 0.2359421015625 0.847548875 0.2167251953125 0.8486642859375 0.20108465 0.8444769781250001 0.18146618750000001 0.8375206281249999 0.1665303953125 0.8192036281249999 0.1697950046875 0.8077728859375 0.1824504015625 0.8056050265625 0.18874591875 0.7997614765625001 0.2059095078125 0.7882074265625 0.220796121875 0.7906346578125001 0.24500916093749997 0.7891703078125001 0.259014834375 0.7948275875 0.269068034375 0.8012569609375 0.26628622968750004 0.8077830296874999 0.2651613203125 0.8190050093749999 0.26196106874999997
7 0.749113959375 0.2025600078125 0.749377446875 0.21141880624999998 0.7509666140625 0.22127208281250002 0.7554271515625001 0.23254000000000002 0.7603277046875 0.24265927187499997 0.7709863546875 0.24283888281250002 0.78068363125 0.2308899484375 0.78738623125 0.21975759374999998 0.79972924375 0.20535720937500002 0.80557279375 0.188193621875 0.8081694234375 0.1718686359375 0.8073369828124999 0.16194928749999998 0.8081469312499999 0.154106990625 0.80409418125 0.141138134375 0.7979170515625 0.143897915625 0.7920131515625 0.1383071484375 0.7867749015625 0.1354338265625 0.7770776234375 0.1473827609375 0.77003170625 0.161320653125 0.76197119375 0.170906228125 0.75230615 0.1834074578125 0.749113959375 0.2025600078125
39 0.8325443625 0.146425703125 0.8257072031250001 0.1509084515625 0.8203246578125001 0.15859487187500002 0.8189513859374999 0.1698170296875 0.8375206281249999 0.1665303953125 0.8454859484374999 0.1813780921875 0.85152440625 0.193618465625 0.8542121109374999 0.1745099640625 0.8519839031249999 0.1580511265625 0.8456399843750001 0.1536090046875 0.8325443625 0.146425703125
39 0.8641837171875 0.08038038593749999 0.8697637796875 0.0543579984375 0.8594049671875 0.041939729687499996 0.850282265625 0.059389623437500004 0.8544317156250001 0.0740153765625 0.8641837171875 0.08038038593749999
33 0.796693 0.3227511046875 0.7934824296875 0.30249225 0.7785945 0.2993512234375 0.781660775 0.330169821875 0.789142596875 0.3367330421875 0.796693 0.3227511046875
11 0.6960542796875 0.4358991578125 0.686184590625 0.436205775 0.6844204 0.46245010937500003 0.6835838437499999 0.47418052031249996 0.68684763125 0.48666315000000004 0.7007910578125001 0.490996865625 0.7022288015625 0.48087930468750006 0.7059101140624999 0.47445164531249995 0.705045440625 0.463979996875 0.7075509953125 0.45043852968750003 0.7052695671875 0.44175591875000003 0.6960542796875 0.4358991578125
57 0.5731181000000001 0.39722778124999997 0.5664421109375 0.4044720203125 0.5593639578125 0.417857615625 0.5662348546875 0.4400173359375 0.5742057984375 0.4593054453125 0.5825282921875 0.4324885 0.5761675046875 0.41472514374999997 0.5731181000000001 0.39722778124999997
49 0.37941605 0.205972775 0.3716190265625 0.2244171484375 0.380636796875 0.24860987343750002 0.38500063125 0.2582208953125 0.3998507046875 0.25636920937499996 0.418865590625 0.2563743421875 0.42787623124999996 0.2500364890625 0.4317130890625 0.24192990937499997 0.446369759375 0.236764434375 0.44784535937500003 0.23163958281250002 0.446734065625 0.22563037187499999 0.4381255890625 0.2258268703125 0.428089109375 0.2189315859375 0.4193138421875 0.21192618125 0.4097608609375 0.2133153734375 0.413125465625 0.20580514062500002 0.4001756453125 0.21415226718749997 0.3941862921875 0.2157854296875 0.3961019109375 0.2095119328125 0.3918557609375 0.193229284375 0.38468090781250003 0.20495798281250002 0.37941605 0.205972775
39 0.410301 0.3659242296875 0.4021437875 0.3738529078125 0.39960037656249997 0.38240166875 0.40591768593750005 0.390731903125 0.41254045625 0.39126388749999996 0.41775209375 0.3980253234375 0.42765401875000003 0.39827100312499997 0.4389404640625 0.3961753484375 0.44529974531249994 0.387848534375 0.44836300468749996 0.36648679375 0.4533152703125 0.34273967031249997 0.45408324375 0.3515544234375 0.4504832671875 0.3724079109375 0.45804491875000003 0.3673067953125 0.4651496796875 0.35003308906249997 0.4658460578125 0.3272126640625 0.4684160796875 0.31477579218749996 0.4623300265625 0.314752059375 0.4599043 0.31662918906250004 0.455519478125 0.31534669375 0.44490430937500003 0.32460020312500004 0.444980021875 0.334585625 0.43837974375 0.35181528281249996 0.4348329859375 0.364892546875 0.428720325 0.368756925 0.42480213125 0.362437671875 0.42054061875000004 0.358923959375 0.4148413640625 0.36552780625 0.410301 0.3659242296875
39 0.2073263265625 0.1982384484375 0.208073315625 0.215381725 0.20384965781250003 0.2168607203125 0.199062675 0.221719578125 0.19515572812499998 0.22428114843750002 0.19520483125000002 0.23815467968749998 0.19991198593749998 0.24496016250000002 0.20633161875 0.259387703125 0.21137646875 0.258947234375 0.2190025859375 0.2549507140625 0.2261185953125 0.2465578296875 0.2249372109375 0.23500360781250001 0.22941310937499998 0.2335025890625 0.231473021875 0.2166693515625 0.22918597031250001 0.20354633125000002 0.2298879703125 0.1851663171875 0.23302694218750003 0.17378999374999998 0.23212441093749997 0.1583256375 0.23547365468749998 0.1635843390625 0.2399285671875 0.1704118421875 0.2415274734375 0.163055775 0.2335299203125 0.147655778125 0.23055623125000002 0.140143834375 0.22557584687499999 0.1416889 0.229188578125 0.155806403125 0.225598340625 0.1594505453125 0.21850331875 0.15951490468750001 0.2136518671875 0.1632691671875 0.21051851875 0.1790859 0.2073263265625 0.1982384484375
57 0.62418233125 0.1818264625 0.633512696875 0.22875152031249998 0.6461094562499999 0.24041928124999998 0.6716140640625 0.2603969640625 0.6504549140625 0.21061889687500002 0.6358023578124999 0.194134615625 0.62418233125 0.1818264625
57 0.651293384375 0.32489892187499997 0.6492417046875001 0.29843264375 0.62631013125 0.3181984265625 0.629133903125 0.3318297 0.6414461890625 0.3429671859375 0.651293384375 0.32489892187499997
57 0.882540084375 0.1081986546875 0.8855025281250001 0.10682977656249999 0.89176099375 0.118495825 0.897503728125 0.1213251 0.9054143218749999 0.11785885468749999 0.913840646875 0.12322938593749999 0.9209244218749999 0.11428420312500001 0.9179773421874999 0.1028841484375 0.9047318000000001 0.1018201765625 0.903362640625 0.091392575 0.89956775625 0.0828421046875 0.8970018515625 0.07362921875 0.8904323 0.06532100625000001 0.8846742031250001 0.07526066875000001 0.8850343921875 0.0857763640625 0.8775315859375 0.0875416640625 0.869814390625 0.0943217 0.8718435765624999 0.103026334375 0.882540084375 0.1081986546875