39 0.04446159375 0.8636114375 0.0546609484375 0.8709716562500001 0.061186770312500006 0.866880753125 0.0703853640625 0.8699643984375 0.075510540625 0.8676327078125 0.0819248359375 0.8702269125000001 0.0886349515625 0.8521004765625 0.0857925046875 0.8506130640625 0.06920300625 0.8496723453125 0.046259746875 0.8514759171874999 0.0402548796875 0.8602080265625001 0.04446159375 0.8636114375
27 0.1886816921875 0.49242746249999997 0.1986875265625 0.46206957656250003 0.13999687968750002 0.43511047812500003 0.12096244062499999 0.4223060390625 0.1143832359375 0.434080021875 0.1066792 0.495342996875 0.14239766874999998 0.5064109125 0.15547585 0.5115833359375 0.18634050468750002 0.5296401359375 0.1886816921875 0.49242746249999997
33 0.1141058640625 0.5583079343749999 0.123602665625 0.5450114640625 0.1101150546875 0.52851273125 0.09393021562500001 0.5302172781250001 0.0960092671875 0.5401010484375 0.085775915625 0.5407565640625001 0.1001649859375 0.5555280609375 0.11092405937500001 0.5681948 0.1141058640625 0.5583079343749999
39 0.18246423125 0.4287172734375 0.2105979671875 0.4386015515625 0.23795876875 0.439520090625 0.27244388124999996 0.4423195546875 0.240304721875 0.410988465625 0.237421125 0.404495215625 0.23203681875 0.3894807984375 0.2385844109375 0.390063075 0.239277428125 0.3933576640625 0.25491954687499996 0.38233873281249997 0.24232116874999998 0.376801678125 0.18319901875 0.3682346234375 0.18292973125 0.40230949374999997 0.18246423125 0.4287172734375
39 0.3659041640625 0.36087178125 0.349470040625 0.328200778125 0.3266648453125 0.3366734703125 0.296066475 0.348984353125 0.272267671875 0.3662020453125 0.2538436375 0.38107205781250003 0.23848988124999998 0.392740315625 0.2367791046875 0.3891770234375 0.2317872265625 0.3894967875 0.238189290625 0.4047799078125 0.24057369999999997 0.41130513437499994 0.2620483140625 0.427292246875 0.28873517187500003 0.459640390625 0.29371990000000003 0.446299053125 0.305664025 0.4492068296875 0.3306115 0.42590538906250003 0.3245389453125 0.4162774296875 0.3413222703125 0.4205447140625 0.381984315625 0.4132654546875 0.39023791406249997 0.4087299765625 0.4015206390625 0.39598690468750003 0.3831914453125 0.3737881390625 0.3659041640625 0.36087178125
39 0.463885434375 0.36561405156250004 0.45968856562499993 0.3451811984375 0.4286545453125 0.2984199984375 0.42398025625 0.2826923046875 0.3846559421875 0.27853333125 0.370412090625 0.2834525265625 0.3707147546875 0.31014499687499997 0.3727451921875 0.33639289375 0.3769662125 0.3658394515625 0.3838650796875 0.3767500734375 0.3980820890625 0.3928681859375 0.40769010625 0.40727814687499997 0.4142716953125 0.3998446875 0.43472616718749996 0.41122257187500005 0.4412400703125 0.3854290453125 0.45874802968750006 0.3806346609375 0.4667544171875 0.38045569375 0.46611478125000005 0.369478025 0.463885434375 0.36561405156250004
39 0.39138191718750004 0.11449234999999999 0.3968610640625 0.0924379890625 0.38338806875000003 0.0675908609375 0.35815700625 0.0989240265625 0.3254357390625 0.12639631406250001 0.2931215125 0.1608543921875 0.286983346875 0.1715984296875 0.2773460984375 0.173885253125 0.2678275296875 0.1825085390625 0.25351329843750003 0.19911868125 0.2794537578125 0.23585531406250002 0.2912863546875 0.2454482 0.2945358453125 0.2539214015625 0.30321825156250004 0.26104489375 0.3302933875 0.23126309374999998 0.3494104390625 0.2196876703125 0.373975021875 0.1984141421875 0.38629488749999996 0.18627243124999998 0.40698941718750004 0.1802722296875 0.4206905484375 0.1660386484375 0.41237911250000003 0.1351846203125 0.40086171875 0.10520375 0.39138191718750004 0.11449234999999999
57 0.7631391359374999 0.85363621875 0.7869767046875 0.8370838390625 0.7748363640625 0.8265089718749999 0.752901328125 0.8112191484375 0.7478366859375 0.8188893359374999 0.7413642421875 0.8152971609374999 0.7270816234375 0.81955104375 0.7207520125 0.8313090375 0.7133417265625 0.8331193109375 0.7344746 0.8561401765625 0.7535260390625 0.8649367484375 0.7631391359374999 0.85363621875
33 0.5478225921875 0.529189809375 0.5611721359375 0.539019421875 0.5723334828125 0.5499909 0.5825549156250001 0.5276327609375 0.57047510625 0.5223963859375 0.5585309796875 0.519488609375 0.5477426750000001 0.52351865625 0.5478225921875 0.529189809375
33 0.6261014874999999 0.4236721375 0.6265836765625 0.42764802968750004 0.62025168125 0.4350655 0.628662728125 0.4375317984375 0.63522255 0.42542515937500003 0.6261014874999999 0.4236721375
33 0.6998453015625 0.451002571875 0.695408375 0.4479478046875 0.68706263125 0.4595010484375 0.6949574890625 0.4660071921875 0.6998453015625 0.451002571875
57 0.759069134375 0.469913959375 0.7675553265625 0.46937036093750006 0.7558512578125 0.449084496875 0.75330670625 0.46560850625 0.759069134375 0.469913959375
33 0.8663778375 0.4326553609375 0.8897114500000001 0.4074539078125 0.8671850781250001 0.399213828125 0.847735825 0.435185103125 0.8663778375 0.4326553609375
42 0.5649597890625 0.7932072515625 0.5561196234375 0.813473521875 0.5580799937500001 0.817020828125 0.5680905968750001 0.7953439906249999 0.5649597890625 0.7932072515625
41 0.5724064578125 0.78772176875 0.5660890765625 0.7867908484374999 0.5638257328125 0.7909426093749999 0.56519476875 0.8015396578124999 0.5716478281249999 0.8047991734375 0.5755831828125 0.80354539375 0.5757140953125 0.797192940625 0.5724064578125 0.78772176875
57 0.21492066875 0.4783924421875 0.206434475 0.478936040625 0.20076657656250002 0.4719533453125 0.19142007187500001 0.47923001875000004 0.1901574875 0.4876583515625 0.197320565625 0.49020459218749995 0.20533172031250002 0.49870667500000004 0.22471774843749998 0.48744792031250006 0.21492066875 0.4783924421875
39 0.07051792968750001 0.412181425 0.0789748953125 0.42833461249999993 0.09318475000000001 0.43143115 0.10768058124999999 0.43083649218750003 0.1123211828125 0.420188384375 0.10612994843750001 0.4042239625 0.110489653125 0.3715565625 0.1027862375 0.3640364625 0.08124839687499999 0.372761871875 0.07626366875 0.386103209375 0.0677458625 0.3990030671875 0.070726375 0.40715960000000007 0.07051792968750001 0.412181425
39 0.22435786875 0.3565828640625 0.22264232343749998 0.344338521875 0.191874584375 0.327945003125 0.180928521875 0.3593648125 0.1840957125 0.3578263390625 0.20440973593749998 0.3581945765625 0.22435786875 0.3565828640625
39 0.678692003125 0.0062695421875 0.683090834375 0.00397410625 0.6158621203125 0.00358298125 0.61195589375 0.013215635937500001 0.6106011609374999 0.0286617328125 0.6172698171875 0.0399209984375 0.631959478125 0.042652903125 0.6358608343750001 0.049414859374999995 0.645367171875 0.053480489062500004 0.6483017656250001 0.0479501359375 0.64486083125 0.0404908921875 0.6451032734375 0.0274533296875 0.64899509375 0.0168531875 0.6557705125 0.0127462953125 0.6595895671875 0.0094965734375 0.6726653671875 0.010328471875 0.678692003125 0.0062695421875
39 0.895457809375 0.3125926140625 0.913392190625 0.3151166734375 0.9117687953125 0.295854565625 0.9040388453125001 0.2749802359375 0.8768161062500001 0.28073081875 0.8566836828125 0.2963780625 0.8521399953125 0.308689453125 0.8602868328125 0.31952013125 0.8871508312499999 0.3248111703125 0.895457809375 0.3125926140625
53 0.657193346875 0.505822846875 0.6269510203124999 0.537143121875 0.6341770140625 0.549368378125 0.6632682859375 0.5197913296875 0.6621124625 0.51285350625 0.657193346875 0.505822846875
53 0.6682401609374999 0.5879219859375 0.66595981875 0.5960816140625 0.6700890015625001 0.5981544000000001 0.6733942546875 0.6032850484375001 0.677370759375 0.6070371046874999 0.6966744859375 0.585766675 0.701584065625 0.5754352359375 0.6840397265625 0.58390483125 0.6682401609374999 0.5879219859375
53 0.6995980921875 0.45535908437500006 0.6951489359374999 0.46499323437499995 0.680524575 0.4762808703125 0.681144828125 0.4869258828125 0.690864378125 0.49465073437499996 0.7005985421875 0.49402719375000004 0.70085083125 0.4639601921875 0.7043815265625 0.4600611484375 0.6995980921875 0.45535908437500006
57 0.35302748125 0.5827372546875 0.350029971875 0.5785885875 0.339530028125 0.5832679609375 0.33519716875 0.5948980515625 0.33663896718749997 0.5981446765625 0.34491671562500004 0.6026229015625 0.35302748125 0.5827372546875
31 0.447645971875 0.5125678296875 0.44935944218749996 0.486080109375 0.41452543750000004 0.477292825 0.41106719218750004 0.5082329875 0.447645971875 0.5125678296875
39 0.376921746875 0.45966770468749996 0.3833238109375 0.4749508265625 0.3904287390625 0.476499096875 0.39690118281250003 0.48009127031250004 0.41220155937499997 0.4761060921875 0.41509262031249994 0.461229378125 0.41789391875000004 0.457710953125 0.4123715484375 0.436027415625 0.39450993125 0.42615293125000003 0.38971934375 0.40842929687499996 0.3822726765625 0.41391478125000003 0.38694696562500003 0.42964247499999997 0.382054384375 0.43596604843750003 0.376921746875 0.45966770468749996
39 0.34093938125 0.42257263125 0.3265693828125 0.4425253265625 0.3383462171875 0.45546076874999997 0.34666034843750004 0.4562637828125 0.3610181140625 0.4490000046875 0.3626030578125 0.4332052609375 0.3603689421875 0.4206602359375 0.34093938125 0.42257263125
39 0.423605659375 0.43964846875 0.42377295468750004 0.42962080625 0.424863475 0.4225390875 0.42140077343750004 0.41040666249999996 0.4236059703125 0.40525693125 0.41479026562500004 0.40014536874999995 0.407959084375 0.407594815625 0.4008300046875 0.39703283906250003 0.390487509375 0.4087139890625 0.395605221875 0.42775226406250005 0.42051361875 0.4381770453125 0.423605659375 0.43964846875
39 0.381640190625 0.41595868593749996 0.360272028125 0.4189969546875 0.3683025671875 0.42783169374999996 0.3809397109375 0.43403406093749997 0.387446153125 0.4296105 0.381640190625 0.41595868593749996
33 0.5543574328124999 0.331771246875 0.5805964078125 0.3177362265625 0.57769104375 0.30656979375 0.561482053125 0.29926063593749996 0.5485201671875 0.2960841546875 0.5416866 0.29919307812499996 0.5423092375 0.314178615625 0.5543574328124999 0.331771246875
53 0.55152669375 0.10690516406249999 0.5724344359375 0.104564184375 0.577031503125 0.0845697171875 0.5601852609375 0.07062341250000001 0.53919521875 0.06295271718749999 0.5308396265625 0.0915354015625 0.55152669375 0.10690516406249999
53 0.33956464531249997 0.50646915 0.3416123953125 0.4943176421875 0.3571817484375 0.49064913125 0.35327562343749996 0.47520612812499996 0.33446631718750003 0.487763534375 0.33300005625 0.509894740625 0.33956464531249997 0.50646915
57 0.3404079578125 0.50374394375 0.3451961609375 0.5171270546875 0.3459454078125 0.5157434656250001 0.3465858890625 0.51733019375 0.356313975 0.5187521687500001 0.35926556718749997 0.5092139484375 0.3526886421875 0.503291178125 0.356434884375 0.4963732421875 0.3559858359375 0.495614959375 0.3571841328125 0.4949896546875 0.35695153749999997 0.490997775 0.3419201375 0.495299621875 0.34071039375 0.5020550781249999 0.34160625625 0.5031186375 0.3404079578125 0.50374394375
33 0.60832424375 0.46254139531250005 0.6204550484375 0.45575416406249997 0.63127735 0.4437083828125 0.623750765625 0.4435227140625 0.61809240625 0.45390211875 0.60138899375 0.455305984375 0.60832424375 0.46254139531250005
42 0.8427578140625 0.433285940625 0.8428631390625 0.43249214687500004 0.8437744296874999 0.43230657343749995 0.8438914578125001 0.4314245828125 0.8447910437499999 0.4313272078125 0.8449197765625 0.4303570171875 0.845807659375 0.430347840625 0.8459480953125 0.42928945 0.8468242765625 0.42936847499999997 0.8469764156249999 0.4282218859375 0.8478408921874999 0.428389109375 0.8480047328125 0.4271543203125 0.8488575078125 0.4274097421875 0.8490330531250001 0.426086753125 0.849874125 0.4264303765625 0.850061371875 0.42501918906249997 0.8508907406249999 0.42545100781249995 0.8510896906250001 0.42395162343750004 0.8519073562499999 0.4244716421875 0.8774575921875 0.39994704531249997 0.8832148562500001 0.39484802812500003 0.8780679125 0.3925065390625 0.87100651875 0.40030463281250006 0.8732562921874999 0.4039049484375 0.860040284375 0.4166367125 0.8576107468749999 0.411179671875 0.856886184375 0.4125987765625 0.8565830156249999 0.41217299687500003 0.8561616234375 0.41401788125000005 0.85555528125 0.41316632656249996 0.8298619765625 0.4379995375 0.8336082687499999 0.44210023749999994 0.8366581171874999 0.43916213906249996 0.8366932265625 0.438897540625 0.8376747328124999 0.4381827734375 0.8377215437500001 0.4378299765625 0.8386913484375 0.43720340625 0.8387498624999999 0.4367624109375 0.8397079656249999 0.436224040625 0.8397781828124999 0.43569484375 0.8407245812499999 0.43524467343750006 0.8408065015625 0.4346272796875 0.841741196875 0.43426530625000004 0.8418348203124999 0.43355971406249993 0.8427578140625 0.433285940625
57 0.19788245937499999 0.2547703421875 0.21184033750000003 0.2535423453125 0.21217492500000001 0.23348701875 0.1948148796875 0.227921084375 0.188177525 0.2386970984375 0.19123556875 0.24818425781250003 0.19788245937499999 0.2547703421875
57 0.6492464499999999 0.0899608 0.65684818125 0.08713656875 0.6438597609375 0.07060585781249999 0.639582665625 0.07889339375 0.6492464499999999 0.0899608