45 0.10412703281249999 0.873369325 0.10149187500000001 0.8662678921875001 0.095762134375 0.8683613812500001 0.08654748281249999 0.8803767703125001 0.0899913015625 0.889403328125 0.097700678125 0.8870540265625 0.09610390156250001 0.8737295453125 0.10412703281249999 0.873369325
45 0.406150671875 0.204481634375 0.4118878796875 0.2152414578125 0.42207180468749994 0.21257239062500002 0.41255647812499996 0.2002711578125 0.406150671875 0.204481634375
45 0.4868189296875 0.50458985 0.49195664375000003 0.5147506 0.5006558421875 0.5122733921875 0.5048728437500001 0.5069926765625 0.50121985625 0.49664006875 0.4868189296875 0.50458985
45 0.5228109484375 0.5790941921874999 0.5143974921875001 0.58018139375 0.5168309468750001 0.5988100875 0.5229024546875001 0.6020847609375 0.5265199625 0.5962049734375 0.5228109484375 0.5790941921874999
45 0.925717553125 0.21040869999999998 0.9208525 0.22118548750000003 0.9301306437499999 0.22878158124999998 0.9336921265625 0.216143621875 0.925717553125 0.21040869999999998
29 0.94756823125 0.33612790625 0.982973834375 0.38770563125 0.987295421875 0.38308794375 0.9522035687500001 0.3334992953125 0.94756823125 0.33612790625
57 0.2594071953125 0.5996008749999999 0.27300692656250003 0.6025792796875 0.2843058 0.5909711046874999 0.2745327453125 0.5834389640625 0.2626829359375 0.588352921875 0.2594071953125 0.5996008749999999
29 0.22095733125 0.957723828125 0.23829037656250002 0.8851237609375 0.233787634375 0.8917944796875 0.21558989999999997 0.955711253125 0.22095733125 0.957723828125
6 0.37189911875 0.614832271875 0.3840272 0.59567499375 0.3763663796875 0.5919291515625 0.3685598859375 0.6064687390625 0.37189911875 0.614832271875
6 0.49781721718750005 0.1100983171875 0.49212295624999997 0.1284242078125 0.5006690093749999 0.131379115625 0.5051922953125 0.11523416718749999 0.49781721718750005 0.1100983171875
6 0.790816328125 0.9463274046875 0.7860353140624999 0.9672414453125 0.7935149781249999 0.9730403203125 0.796211771875 0.9517190624999999 0.790816328125 0.9463274046875
6 0.9434129109375 0.13370256875 0.947407665625 0.149423340625 0.9547267187499999 0.1478010203125 0.9498467312500001 0.132871178125 0.9434129109375 0.13370256875
6 0.9064870109375001 0.4246510359375 0.913533403125 0.4020911765625 0.9076430500000001 0.3967634703125 0.8993210984375001 0.420841240625 0.9064870109375001 0.4246510359375