2 0.4586588046875 0.3149873578125 0.471818703125 0.31997069375 0.5227417921875 0.3143904234375 0.53418518125 0.308195825 0.5347573515625 0.29202563125 0.5336130125 0.276146040625 0.5112984 0.26871596875 0.4540814484375 0.2804009796875 0.4575144640625 0.2871179359375 0.453509278125 0.2931827421875 0.4586588046875 0.3149873578125
6 0.6051342015625 0.35960878125 0.5759535578125 0.35985732812500004 0.577670065625 0.36295515625 0.606278540625 0.36349854062500003 0.6051342015625 0.35960878125
6 0.39457581875000003 0.294211115625 0.370544696875 0.30062536875 0.37454988437500003 0.3055078015625 0.40086968437500003 0.2987929625 0.39457581875000003 0.294211115625
6 0.5627936578125 0.1789362484375 0.5273191484375 0.1811191609375 0.5273191484375 0.186853428125 0.5645101671874999 0.184119265625 0.5627936578125 0.1789362484375
39 0.540479046875 0.422250046875 0.545056403125 0.427643790625 0.555927625 0.4258902015625 0.549061590625 0.42183963437500005 0.540479046875 0.422250046875
25 0.6263044765625 0.5268363578125 0.62687664375 0.52995415625 0.63488701875 0.5318995671875 0.6417530515625 0.53177975625 0.6480469171875 0.52802085 0.642325221875 0.5249929109375 0.632598340625 0.5241200484374999 0.6263044765625 0.5268363578125
6 0.595407321875 0.7340697765625 0.5914021359375 0.736485503125 0.6034176953125 0.7383610234375 0.595407321875 0.7340697765625
6 0.5914021359375 0.0653155828125 0.591402134375 0.081475790625 0.5999846765625 0.08054408125 0.6022733546875 0.0692962578125 0.5914021359375 0.0653155828125
6 0.0478410859375 0.100344140625 0.0375420359375 0.1177266578125 0.042119390625 0.12077456718749999 0.048985426562500003 0.11622373125 0.059856646874999996 0.10378354999999999 0.0478410859375 0.100344140625
6 0.20404336562499997 0.0199451921875 0.21090939999999997 0.033900403125 0.22578580625 0.031555625 0.2137702484375 0.0166476796875 0.20404336562499997 0.0199451921875
6 0.8620383203124999 0.34834900625 0.8334298421874999 0.3498908125 0.8328576734375 0.3556350625 0.86146615 0.35226871875 0.8620383203124999 0.34834900625
57 0.6818049187499999 0.6027592015625001 0.670361528125 0.6034801828125 0.673222375 0.6120316625 0.6846657656249999 0.611831978125 0.6818049187499999 0.6027592015625001
6 0.33964754375 0.6301029390624999 0.32877632343749996 0.63628755625 0.332209340625 0.6388341343749999 0.3442249 0.63184760625 0.33964754375 0.6301029390624999
57 0.10334152968749999 0.1733998484375 0.1062023765625 0.185600409375 0.12336746406250002 0.18373699062499999 0.1233674625 0.1730504015625 0.10334152968749999 0.1733998484375