19 0.02283600625 0.996428121875 0.022973442187500002 0.9998003765625001 0.1543263046875 0.998271946875 0.154513659375 0.9937331203124999 0.09949000625 0.9954606046875 0.07033108125000001 0.9943141375 0.0567093375 0.9903572578125001 0.041206112499999996 0.9940008546874999 0.02283600625 0.996428121875
7 0.659519934375 0.5348880421875 0.6590987890625 0.5399162296875 0.6608307796874999 0.5440093921875 0.6698915796875 0.5435874640625 0.6815707625 0.545965278125 0.6883256281250001 0.5427290593749999 0.6968124812500001 0.5435860015625 0.703828853125 0.5390854625 0.7034723109375001 0.5303370546874999 0.7020018265625 0.524979571875 0.695719040625 0.524437375 0.683880221875 0.5258234265625 0.6808237203124999 0.5276352828124999 0.676711046875 0.5265746499999999 0.6700071171875 0.5310606421874999 0.6663257328125 0.532901596875 0.659519934375 0.5348880421875
6 0.8139374500000001 0.506410940625 0.8115975546875 0.5027634671875 0.8029340859375 0.5052538 0.8058649062500001 0.50803899375 0.8139374500000001 0.506410940625
29 0.2097506234375 0.49030324687500004 0.21662433593750002 0.4899831625 0.21895408437500002 0.4857008609375 0.2148074546875 0.483807046875 0.2085416484375 0.483681440625 0.20583154375 0.486311928125 0.2097506234375 0.49030324687500004
29 0.6325787421875 0.5190299546875 0.6305682703125 0.5157845234375 0.6250631703125 0.5189625453125 0.6280109687500001 0.5221643296875 0.6325787421875 0.5190299546875
6 0.7585779640625 0.4384513671875 0.7523121578125 0.4383257609375 0.749112996875 0.444318075 0.7580141609375 0.4476600125 0.7618042468749999 0.44080542031250003 0.7585779640625 0.4384513671875
57 0.92452516875 0.4240457203125 0.9302747953124999 0.4191867859375 0.9273269984375 0.41598500312500003 0.92121399375 0.4196087140625 0.92452516875 0.4240457203125
27 0.7423202296875 0.5464754515625 0.73375863125 0.5514653296875001 0.734132153125 0.560630328125 0.741698659375 0.561947509375 0.7423202296875 0.5464754515625
27 0.4525476515625 0.5795860125 0.44562631562500005 0.5940992781250001 0.4559878171875 0.594868928125 0.46082724375 0.59840000625 0.46057256874999997 0.59215114375 0.465242215625 0.5915163140625 0.463102746875 0.5774249734375 0.4525476515625 0.5795860125
57 0.4689882015625 0.5758987656250001 0.47419100312499995 0.58066506875 0.47902028281250003 0.5762663703124999 0.47916294375 0.572085915625 0.4677962015625 0.5696935515625 0.4586606546875 0.5759623 0.4689882015625 0.5758987656250001
6 0.250017671875 0.5873475515625 0.2488086953125 0.5807257484374999 0.2386068296875 0.576192234375 0.23217124218750002 0.571900721875 0.23361791250000002 0.584354796875 0.23399143281249998 0.59351979375 0.2374792234375 0.5946095265625 0.2439317921875 0.59931763125 0.250017671875 0.5873475515625
6 0.1322514734375 0.5089378250000001 0.129894603125 0.5048737609375 0.1211971765625 0.5065309124999999 0.12261672500000001 0.5106386234375 0.1322514734375 0.5089378250000001
29 0.055699584375 0.5738576281250001 0.045008662500000005 0.5726859390625 0.041741587499999996 0.5770118890625 0.0503133328125 0.5799517859375001 0.054453129687500004 0.589358784375 0.05586253125 0.5855367218749999 0.05717006718749999 0.5792151109375 0.055699584375 0.5738576281250001
6 0.6240956234375 0.45681777187500006 0.623267 0.45184777968749995 0.6146035296875 0.45433811406249996 0.6160909921875 0.46011218749999994 0.6240956234375 0.45681777187500006
57 0.8239157078125 0.4132876171875 0.8178265171874999 0.4098147359375 0.80587899375 0.41621442656249996 0.8176600437499999 0.42109178593749996 0.8228527031249999 0.41792831406250003 0.8239157078125 0.4132876171875
31 0.8638226921875001 0.5245396578125 0.88756824375 0.5234339171875 0.8902682015625001 0.51287365625 0.8834183 0.5060971453125 0.8532133468750001 0.5100079671875 0.856972790625 0.5177631500000001 0.8638226921875001 0.5245396578125
57 0.8722822125 0.5554493375 0.881984875 0.5554149015625 0.8807928765625 0.5492096859375 0.867340915625 0.5494187125 0.8589967203125 0.5443813140625 0.8500547656249999 0.547719375 0.8451236156249999 0.549618528125 0.8500309546875 0.5548159703125 0.8537734203125 0.5621545625000001 0.8636017640625001 0.557523078125 0.8722822125 0.5554493375
57 0.9305391937499999 0.5101636203125001 0.9252276875 0.5104109593749999 0.923920153125 0.516732565625 0.9292995718749999 0.5181515921875001 0.9356571031250001 0.5128469703125 0.9305391937499999 0.5101636203125001
57 0.9294424421875 0.4755720359375 0.933646840625 0.4712024375 0.9384251875 0.46555397187500003 0.9327333281250001 0.46414949375000003 0.9233600828125 0.46458597187499995 0.9142992812499999 0.4650078984375 0.9148324390625 0.47040903125 0.920194878125 0.47141146406249995 0.9210065234375 0.47596486562500007 0.9294424421875 0.4755720359375
57 0.698632671875 0.565205075 0.69811649375 0.5602205359375 0.6878398812500001 0.5615338421875 0.68323815 0.563835034375 0.6843622359375 0.5683738859374999 0.6898843125 0.5656124546875 0.698632671875 0.565205075
4 0.5266441109375 0.5235455546875001 0.527707115625 0.5189048609375 0.519288175 0.51971428125 0.522042378125 0.52584675 0.5266441109375 0.5235455546875001
57 0.49385452343749997 0.5638889171875 0.49056032812500006 0.5598685015625 0.48305490000000006 0.5677308671875 0.49385452343749997 0.5638889171875