11 0.755912934375 0.8819665453125 0.7577795390625 0.8837683859375 0.7630971578125 0.8878810625 0.7674717953125 0.8804417078125001 0.7708016484375 0.8759298078125 0.771809271875 0.8742784765625 0.7727549625 0.8747540218750001 0.7727921249999999 0.8734778953125 0.769378271875 0.8698909359375 0.7665659781249999 0.8676135484374999 0.7628203796874999 0.864435240625 0.7597011109375 0.8617157546875 0.7590128453125 0.863383809375 0.7575619875 0.8692721750000001 0.7557793828125 0.8755691890625 0.754378075 0.8797560515624999 0.755912934375 0.8819665453125
11 0.5756283109375 0.2961152296875 0.5767942640625 0.3000105015625 0.5798763671875 0.3040061140625 0.5814483890625 0.30494048125 0.5827382140624999 0.3045819984375 0.5935867421875 0.2944994796875 0.594888953125 0.2937156234375 0.59585941875 0.2933404171875 0.5959461296875 0.2903627890625 0.594743015625 0.28774364375 0.5926066 0.28422357656249997 0.589843853125 0.2802446875 0.5879772484375 0.27844284375 0.5854719234375 0.27660755625 0.5835433828125 0.2769325921875 0.5831744750000001 0.278617371875 0.582805565625 0.28030214999999997 0.575702634375 0.293562975 0.5756283109375 0.2961152296875
39 0.0767999234375 0.4783197921875 0.08434608593750001 0.460821934375 0.07523332031249999 0.455232453125 0.04696171875 0.43756308749999995 0.0363017078125 0.43018848906249996 0.0165908640625 0.415097528125 0.009357090625 0.4108845125 0.005037678125 0.416427403125 0.0030859296875 0.48345017187500006 0.0300565984375 0.5018595421875001 0.049816990625 0.5152490000000001 0.0595808609375 0.5204465515625001 0.0767999234375 0.4783197921875
27 0.00292865 0.48885112656249996 0.0028581390625 0.49127245625000004 0.0031663171875 0.5442436609375 0.01105493125 0.55028331875 0.0147413015625 0.54451201875 0.01845515625 0.5268134812499999 0.017326365625 0.5216420796875 0.0177324359375 0.518681175 0.020705765625 0.51542868125 0.0268382328125 0.5025430609375 0.0221964921875 0.49718770624999997 0.019077225 0.49446821874999997 0.012801529687499999 0.49030537343749997 0.0086003125 0.49178947187500005 0.007273329687500001 0.49342408125 0.0047556171875 0.49201416875000004 0.00292865 0.48885112656249996
6 0.1795050140625 0.35631674375 0.1805401234375 0.342738175 0.176707815625 0.3425374953125 0.17567270468750001 0.35611606406249996 0.1795050140625 0.35631674375
6 0.16527979375 0.3615361765625 0.1693296546875 0.37623306875 0.1712953578125 0.37463190625 0.167859440625 0.3608192109375 0.16527979375 0.3615361765625
6 0.1568773609375 0.36450437343750003 0.1603132796875 0.37831706875000004 0.1641951359375 0.3768162453125 0.15948178125 0.3629366578125 0.1568773609375 0.36450437343750003
6 0.159649784375 0.3791343734375 0.15739220625 0.36879157500000004 0.1548125578125 0.36950853906250003 0.15643142031249999 0.379817890625 0.159649784375 0.3791343734375
6 0.156549875 0.3977171078125 0.162515890625 0.41251434218750005 0.1657590296875 0.41098007187499996 0.159768240625 0.397033590625 0.156549875 0.3977171078125
6 0.22420986406250001 0.38081097812500003 0.23226545625 0.3897532921875 0.23489465156249997 0.38733482812500003 0.2268638359375 0.37754176093749997 0.22420986406250001 0.38081097812500003
6 0.26795934843749997 0.39417855625 0.27606990625 0.3792663984375 0.27295063750000004 0.3765469125 0.2674692765625 0.3890406046875 0.26795934843749997 0.39417855625
6 0.29388200468750003 0.272841046875 0.299481821875 0.278246571875 0.303878525 0.28103295 0.3052550578125 0.2776968390625 0.3002691859375 0.2731755125 0.29589725625 0.26953838281250003 0.29388200468750003 0.272841046875
6 0.513457809375 0.2672982109375 0.5025996015625 0.26672961875 0.5031144484375 0.27101681875 0.51271999375 0.2706677671875 0.513457809375 0.2672982109375
6 0.0148497109375 0.8043924265625 0.016647410937500003 0.7865935484375 0.012790326562500001 0.7872436203125 0.0103786828125 0.8041582999999999 0.0148497109375 0.8043924265625
6 0.26781611875 0.3771300890625 0.2628550203125 0.3717580109375 0.26206765625 0.3768290703125 0.2664148109375 0.38131695 0.26781611875 0.3771300890625