27 0.5076655890625 0.0094562546875 0.5366281921875 0.014303768750000001 0.5474289375 0.0159865203125 0.5775361859375 0.014323340625 0.5737746890625 0.011209714062499999 0.5458215 0.0079997109375 0.535066465625 0.0057934265625000005 0.51130901875 0.00072349375 0.5076655890625 0.0094562546875
12 0.55550945 0.44478478906249996 0.5368885953125 0.4402777390625 0.521983528125 0.4394078484375 0.465734321875 0.43691433437500005 0.4533756453125 0.43987645468750003 0.4433557640625 0.4424488734375 0.44280724375 0.44873125937499997 0.46168139999999996 0.45693649062499997 0.48491128437500003 0.46144943125 0.508942990625 0.46337816875 0.542008021875 0.46083521093749996 0.557852040625 0.457550303125 0.55550945 0.44478478906249996
6 0.4548744953125 0.4689049234375 0.453937440625 0.4796373296875 0.462467953125 0.4809244875 0.463909715625 0.471010834375 0.4548744953125 0.4689049234375
6 0.324073303125 0.4491685078125 0.34074579374999997 0.4561928453125 0.34913728125 0.4524729890625 0.330676409375 0.4461335796875 0.324073303125 0.4491685078125
6 0.73424251875 0.568875171875 0.7359204171875 0.58265429375 0.7469268578125 0.5819811515625 0.740548509375 0.5692432000000001 0.73424251875 0.568875171875
6 0.6069913437500001 0.614068525 0.632171490625 0.6226417843750001 0.6382470328125 0.6190498671875 0.611347071875 0.610376234375 0.6069913437500001 0.614068525
6 0.6165769796875 0.616469659375 0.6082312046875 0.6196659828125 0.6285261640625001 0.6247969375 0.6293736953125 0.6216892015625 0.6165769796875 0.616469659375
6 0.8155116906250001 0.740160453125 0.763090653125 0.7334176578125 0.767838709375 0.7384305624999999 0.8156735734374999 0.7449057 0.8155116906250001 0.740160453125
6 0.7610223234375 0.71751095 0.765498015625 0.73224265625 0.7821686078125001 0.732689384375 0.774872265625 0.7172668609375 0.7610223234375 0.71751095
6 0.8721455421875 0.8042417984375 0.8596535265625 0.821929734375 0.87556800625 0.824437134375 0.8844832625000001 0.8081190515625 0.8721455421875 0.8042417984375
6 0.62706305625 0.9583222453125 0.58480471875 0.9671692609375 0.592946696875 0.9729064421875 0.631651128125 0.9651675125000001 0.62706305625 0.9583222453125
6 0.2452849734375 0.9292003171875001 0.24622771875 0.9382007359375001 0.2780528890625 0.9300603187500001 0.2728229796875 0.9239668921874999 0.2452849734375 0.9292003171875001
6 0.7473820609375 0.570168221875 0.7522462890625 0.5804499046875 0.7591484046875 0.580589625 0.7558668625 0.5719789109375 0.7473820609375 0.570168221875
6 0.418979334375 0.43786901718750004 0.429094428125 0.44740475156250004 0.4350328421875 0.4453834296875 0.424826328125 0.436894759375 0.418979334375 0.43786901718750004
6 0.371171215625 0.36509426093749997 0.37358047499999997 0.3704968703125 0.3821795515625 0.37099872968750003 0.3775686265625 0.364415228125 0.371171215625 0.36509426093749997
57 0.39091045625 0.0334248828125 0.38728798593749997 0.03531826875 0.3986391484375 0.03729624375 0.4022844734375 0.0351410921875 0.39091045625 0.0334248828125
57 0 0.9555603359375 0.005004034375 0.9556944312500001 0.0179493578125 0.91961595625 0.0043755703125 0.9232964609375 0 0.93276414375 0 0.9555603359375
57 0.45638633281249996 0.7815558609375 0.43458104531249997 0.7871238593750001 0.429101628125 0.7904874671875 0.42917208906250004 0.7962797796875 0.4252086890625 0.8086772625 0.4320193859375 0.8098640500000001 0.44534176875 0.8090629703125 0.4405937125 0.804050065625 0.4517829921875 0.8012827953125001 0.46308465156249995 0.7906290859375 0.4623952078125 0.78532685 0.45638633281249996 0.7815558609375
57 0.9146934078125 0.7656813890625 0.9409210937499999 0.7490581953125 0.9378471421875 0.74466919375 0.922460221875 0.7427187828124999 0.9169560546875 0.7397665499999999 0.9040012484375 0.7429569796875 0.89641348125 0.750670240625 0.9146934078125 0.7656813890625
57 0.7312216703125001 0.7486592140624999 0.72200550625 0.7552250390624999 0.7577121390625 0.7686222453125 0.787590840625 0.7695767265625 0.7312216703125001 0.7486592140624999