39 0.2420636953125 0.4797162046875 0.2599726375 0.4616443921875 0.23876579687500002 0.46126521093750006 0.21705415625 0.4614613203125 0.19953852656249998 0.4633045421875 0.1914014765625 0.47199334375 0.211726203125 0.47951461875 0.2235083546875 0.48245208906250003 0.2283366609375 0.489515425 0.2420636953125 0.4797162046875
6 0.37879343906249996 0.4407858453125 0.40698423281249996 0.437297078125 0.40596757656250004 0.4334878046875 0.3772418703125 0.4372939484375 0.37879343906249996 0.4407858453125
6 0.40505209375 0.396249146875 0.4082173453125 0.3841672828125 0.3946568578125 0.3855942921875 0.392621646875 0.3975572390625 0.40505209375 0.396249146875
6 0.22828023593750002 0.449836609375 0.23231159687499997 0.4402744421875 0.22327127500000002 0.44122578125 0.22021940624999997 0.44937945625 0.22828023593750002 0.449836609375
6 0.5724594781250001 0.345735803125 0.5824190796875001 0.3428601390625 0.5706900921875 0.3354786453125 0.55256523125 0.32720370625 0.5427561765625 0.33136895 0.564806071875 0.33896976093750003 0.5724594781250001 0.345735803125
6 0.5388240890625 0.32708322343749996 0.5491539484375 0.312680903125 0.5366331765625 0.31321524843750004 0.5301079125 0.32591178125 0.5388240890625 0.32708322343749996
6 0.573214103125 0.33260219687500003 0.6083055765625 0.3294315875 0.607673284375 0.3240153625 0.574337090625 0.327523428125 0.573214103125 0.33260219687500003
6 0.63839241875 0.19520134218750002 0.6456864140625 0.1792909078125 0.633911315625 0.1813132875 0.627657034375 0.1963310578125 0.63839241875 0.19520134218750002
6 0.73651118125 0.173388325 0.7288808296875 0.161920346875 0.7184766453125 0.16588713125000001 0.7269359453125 0.17465703906250002 0.73651118125 0.173388325
6 0.6673291796874999 0.42347657656250004 0.6976295109375 0.41846039843750005 0.695867178125 0.413163090625 0.6634573140625 0.419706684375 0.6673291796874999 0.42347657656250004
6 0.0985626578125 0.504738428125 0.0772494875 0.5132472890625001 0.0821911765625 0.5163824359375 0.10796429062499999 0.5068820734374999 0.0985626578125 0.504738428125