8 0.74615376875 0.2779696140625 0.7462849953124999 0.2835103484375 0.7490757015625 0.2843969359375 0.75025454375 0.3083342046875 0.7520523265625 0.3271289234375 0.7696385671875 0.3204070609375 0.7673136984375 0.29431531875 0.7658855203125 0.2516916109375 0.7656536609375 0.1956683890625 0.7489991078125 0.1927751765625 0.7465714671875 0.21265731250000003 0.7466698968750001 0.237210478125 0.744364725 0.2405065078125 0.7438835734375 0.2473873078125 0.7419436453125 0.2565861546875 0.743712990625 0.264661490625 0.74615376875 0.2779696140625
8 0.5532540499999999 0.3329337625 0.5882056578125 0.3523182078125 0.683002109375 0.3651700234375 0.7446097421875 0.370515215625 0.7908881890624999 0.379974321875 0.7993762109375 0.36985046875 0.7983985875 0.36528771875 0.7999667125000001 0.3539885359375 0.7611593078125 0.35265774843750003 0.73101270625 0.34985825 0.7237450640625 0.3462385453125 0.717977753125 0.3434151984375 0.7240709328125 0.33416105156250003 0.696391346875 0.329459728125 0.6381867984375 0.323661059375 0.6122437421875 0.305252275 0.5907688828125 0.3082449953125 0.615679640625 0.32658159531250003 0.588061290625 0.31358721875 0.5545575421875 0.325419021875 0.5603423515625 0.3317008140625 0.5532540499999999 0.3329337625
7 0.5773928671874999 0.5403264671875 0.5829677156249999 0.5459021328125 0.5901281890625001 0.5436370625 0.5920681171875 0.534438215625 0.5795711703124999 0.50175789375 0.5713915187499999 0.4963458046875 0.566625890625 0.497741171875 0.5655629765625 0.5018155109375 0.5638330078125 0.5117204859375 0.5773928671874999 0.5403264671875
38 0.5667330609375 0.50362594375 0.5705560625 0.50458471875 0.5722073 0.49951435 0.569302865625 0.496545475 0.5658757249999999 0.4973429921875 0.5667330609375 0.50362594375
38 0.731426125 0.477458675 0.730472559375 0.47255188437499995 0.7262471374999999 0.47363930468750004 0.725927828125 0.481914309375 0.7297989453125 0.48218500468750003 0.731426125 0.477458675
38 0.780967690625 0.4995919640625 0.7774027625000001 0.49865123437500003 0.7768013218750001 0.507252234375 0.7795920265625 0.5081388234374999 0.780967690625 0.4995919640625
7 0.7320297671875 0.4947870015625 0.7312664828125001 0.5019937953125 0.7320275875 0.50965290625 0.74617356875 0.5113335359375 0.7533996546874999 0.51183883125 0.7561006890625 0.5102990953125001 0.76015770625 0.51161995625 0.774526765625 0.5064017359374999 0.779099934375 0.5077586921874999 0.7796532609375 0.499845771875 0.7754103390625 0.49747474374999995 0.7701351203125 0.49503152968749997 0.764181909375 0.4911580203125 0.7592063203125 0.49184725937499996 0.756013196875 0.49300686406249994 0.7515122015625 0.490617790625 0.7341490375 0.49044080624999997 0.7320297671875 0.4947870015625
11 0.7272838359375 0.5255701375 0.7265927234375 0.5317448109375 0.7274260015625 0.538371803125 0.74370219375 0.54296716875 0.7520502484375 0.5459709765625 0.7543138640625 0.5395605421874999 0.7524001734375 0.5335494453125 0.75521055625 0.5230285765625 0.753692725 0.5187737703125 0.7502896406249999 0.5192272484375 0.72844298125 0.5201196375 0.7272838359375 0.5255701375
33 0.759545346875 0.5537552531250001 0.7641119562500001 0.55891469375 0.7646412234375 0.5513458140624999 0.7683767359375 0.53501235625 0.76598845 0.532079571875 0.7629768484375 0.523225925 0.7611834453124999 0.5154946265625 0.7557267046875 0.52306466875 0.7532946859375 0.531883384375 0.7549503015625 0.537876434375 0.759545346875 0.5537552531250001
39 0.911586121875 0.367325284375 0.8984636984375 0.38438523125 0.9575387015624999 0.38886188125 0.957383415625 0.38366518906249997 0.959058709375 0.3782507796875 0.9530639421875 0.37126286249999996 0.9347122156250001 0.3592621921875 0.9205662328124999 0.357581565625 0.911586121875 0.367325284375
6 0.3274127703125 0.61791978125 0.32224254218750004 0.6362272453125 0.3250091890625 0.6374578750000001 0.3309776984375 0.6188605093749999 0.3274127703125 0.61791978125