7 0.7058530328125 0.6672686359375 0.7067165515625 0.663106384375 0.7025559375 0.6632790734375 0.6986349546875 0.6615492546875 0.6980565109375 0.6553681359375 0.6870909859375 0.6497732734375 0.6752702 0.643965703125 0.668601646875 0.6441183828125 0.6613463890625 0.6424649046875001 0.657127928125 0.64201948125 0.653504428125 0.6390052640625 0.6499594375 0.641293171875 0.652074871875 0.6460453671875 0.656256153125 0.650556690625 0.657132078125 0.6554534078125 0.6627264 0.66167454375 0.676844409375 0.6697136875 0.6930571890625 0.6778210171875 0.7015147734375 0.6833958734375 0.71003020625 0.689588840625 0.7174672546875 0.6887216984375 0.7242886765625001 0.6857393390625 0.72896574375 0.677695728125 0.723313578125 0.67085648125 0.7181530890625 0.6692711859375 0.7124554859375001 0.6708727984375 0.7069396718750001 0.6699537875 0.7058530328125 0.6672686359375
38 0.653091259375 0.6390534390625 0.64954626875 0.6413413453125 0.651075 0.6442873812500001 0.651719546875 0.646711653125 0.6552852031249999 0.649107759375 0.6576774515625 0.6478915453125 0.6603671796875 0.64539093125 0.662172728125 0.6423685546875 0.6566279921875 0.6411404890625 0.653091259375 0.6390534390625
39 0.7787486484375 0.7678065984375 0.7851197203125 0.7689383140625 0.7896356625000001 0.7680993390624999 0.7892596734375 0.7640816125 0.794449084375 0.7659759640625 0.7983204781250001 0.762712715625 0.781636684375 0.75403545 0.7718321593749999 0.7429939359375 0.7922634000000001 0.7515466875000001 0.8103684921875001 0.7575588078125 0.8225280453125 0.74020719375 0.7988699593749999 0.7373419671875 0.7871566062500001 0.7371455765625 0.7730881843749999 0.7340995 0.7627011046875001 0.7346857531250001 0.76201111875 0.7407023359375 0.763973684375 0.7482842109375001 0.7672997031250001 0.752582828125 0.7757490312499999 0.7625326390625 0.7787486484375 0.7678065984375
33 0.6426918953125 0.724309153125 0.6389320406250001 0.715374696875 0.6348003484375 0.71585644375 0.6280450265625 0.7150819578125 0.630148053125 0.7107751859375 0.6287143484375 0.7043813609375 0.624975159375 0.7001309203125 0.609630046875 0.7012952671875 0.598916565625 0.7028568640625 0.57940258125 0.7085688593749999 0.5727257671875 0.713096496875 0.56891221875 0.71697785625 0.5691560046874999 0.7285092734374999 0.571953165625 0.731619840625 0.58094786875 0.7340077890625001 0.5903350734374999 0.73166355 0.5917563734375 0.7289984046875 0.5933016203125 0.7231945265624999 0.5963962609375 0.72502069375 0.6011725015625 0.7269632203125 0.599040553125 0.7309609406249999 0.6097251124999999 0.7290902874999999 0.6186413046875 0.7261761109375 0.6298258 0.725184453125 0.6394733078125 0.7256217171875 0.6426918953125 0.724309153125
33 0.4804810375 0.31207171875 0.48618690000000003 0.3060951515625 0.4810635921875 0.300443953125 0.4796588078125 0.2943591859375 0.47911754218749997 0.2841121671875 0.4655614609375 0.2910040546875 0.46276845 0.3013274125 0.4707632796875 0.30195737500000003 0.46691255 0.309904634375 0.46125212656250003 0.307440346875 0.4548603875 0.30162461875 0.43327229687499996 0.3119524421875 0.43202453125 0.3164719234375 0.42452137968750003 0.321095909375 0.4157002109375 0.3205622984375 0.3843034890625 0.33765749375 0.42024515625000003 0.3825179984375 0.430466959375 0.375702453125 0.42782266875 0.3697622078125 0.44263892031249996 0.3674098109375 0.46174799375 0.357371034375 0.46161989999999997 0.34707584062499997 0.46802815156250005 0.3441416546875 0.47170123906250006 0.35214894218750004 0.4981110078125 0.3353227859375 0.505304271875 0.32292422656249997 0.5012386796875 0.3196491265625 0.48533578750000006 0.31931637031250004 0.47902255781249997 0.318802765625 0.4804810375 0.31207171875
33 0.24347452343749998 0.21192301875 0.2291251359375 0.201411425 0.20926823125 0.2168486765625 0.2040333828125 0.223395184375 0.23088943125 0.2515066453125 0.237578653125 0.2560379765625 0.24826321093749998 0.254167325 0.25567133750000004 0.2529911265625 0.25999307968749996 0.2456138015625 0.2651742328125 0.25188311093750004 0.270545434375 0.25125684062500003 0.27014878124999997 0.2425551015625 0.27134695937500003 0.2330425515625 0.26524444375 0.23031738281249997 0.260621071875 0.2255451796875 0.25293198125 0.2192558625 0.24347452343749998 0.21192301875
39 0.4122711953125 0.5427860984375 0.39841348593750003 0.5375284578125 0.39465363125 0.528594003125 0.384935875 0.5184796578124999 0.37851521250000003 0.5123548734375001 0.37312334687500004 0.5082971296875 0.36825208125 0.509802390625 0.363488246875 0.516918834375 0.362686721875 0.535133125 0.376833653125 0.543481325 0.3857044078125 0.5490080078124999 0.4080734 0.547024690625 0.4122711953125 0.5427860984375
57 0.7323539203125 0.8210176234375 0.7385721265625 0.8249790171875 0.7455464187499999 0.8191669796875001 0.7460835359375 0.8159800718750001 0.7406255671875 0.815679175 0.7323539203125 0.8210176234375
57 0.96065910625 0.9353028609375 0.9656543187500001 0.9306588640625 0.965662575 0.9262839078124999 0.962923259375 0.9237914515625001 0.9541599359375 0.92387595 0.9465286890625 0.9182047453125 0.937372859375 0.9230214328124999 0.9386619546875 0.9278699765624999 0.9441695109375001 0.93316394375 0.9456610624999999 0.9401758796875 0.9486400140625 0.940765825 0.96065910625 0.9353028609375
57 0.9502348484375001 0.939955015625 0.94731053125 0.9434202640624999 0.9746256171875001 0.9402353890624999 0.9740168796875001 0.939681509375 0.973640890625 0.9356637843750001 0.9711329515625 0.935643775 0.9701702609374999 0.9298198890625 0.967278075 0.9301571109375001 0.9637620046875 0.9327540734375 0.9502348484375001 0.939955015625
57 0.48902181093749997 0.7425391578125 0.4879351703125 0.7398540046875001 0.48183265468750003 0.7371288328125 0.47840335312500004 0.7406529640625 0.47007386249999994 0.7453733 0.461744375 0.7500936390625 0.460909778125 0.7545649453125 0.464648965625 0.758815384375 0.46847492187500006 0.7639929953125 0.469388028125 0.7648238125 0.4767176453125 0.758345490625 0.48902181093749997 0.7425391578125
39 0.5006808578124999 0.2869092125 0.5097912499999999 0.290533384375 0.5109811703125 0.2853957921875 0.5087954859375 0.2709665140625 0.5031804984375 0.2600613671875 0.48968637031249995 0.24976248124999997 0.46613156718750004 0.2390745078125 0.446410978125 0.22918918437500002 0.445047521875 0.232472440625 0.45109634375 0.248013428125 0.4592771125 0.25955669375 0.4860670609375 0.2914250015625 0.5006808578124999 0.2869092125