7 0.635682046875 0.20432787343749997 0.6271257625 0.2197636921875 0.634839275 0.24439989374999999 0.649014409375 0.25347114843749996 0.6709897812500001 0.256859840625 0.6938864671875 0.2567305375 0.7061156515625 0.24941035 0.715192509375 0.239553721875 0.725661675 0.22676284062500002 0.74148110625 0.208816340625 0.759432378125 0.186933396875 0.7605230703125 0.17183858125 0.7607792078125 0.1611916265625 0.75622216875 0.152528415625 0.7512148046875 0.14796694531250001 0.747570825 0.1401612703125 0.7378081234375 0.138203453125 0.7275950984375 0.140347378125 0.7073508265624999 0.1421194234375 0.6946299890625001 0.1441703796875 0.6840244765625 0.151035953125 0.6688867390625 0.1673603515625 0.658301890625 0.1789114140625 0.635682046875 0.20432787343749997
6 0.5954216953125 0.9468821421875001 0.5785652265625 0.9358581906250001 0.569996534375 0.9422329906250001 0.5868530062499999 0.953256940625 0.5954216953125 0.9468821421875001
6 0.8105972093749999 0.592436828125 0.8083331703125 0.6038845140625 0.8126960203125 0.6060025109375 0.8139602375000001 0.592767425 0.8105972093749999 0.592436828125
6 0.8162077609375 0.5900708 0.7972194484374999 0.582983290625 0.7950876078125 0.586919734375 0.8139602375000001 0.592767425 0.8162077609375 0.5900708
6 0.809109921875 0.6300653734375 0.8106633484374999 0.6199298343749999 0.8064740234375 0.6196715687500001 0.8049205984375 0.62980710625 0.809109921875 0.6300653734375
6 0.8188106312500001 0.61796673125 0.8122002593750001 0.618545359375 0.81164665625 0.6304682984375 0.816662278125 0.6306542375 0.8188106312500001 0.61796673125
6 0.9426970671875001 0.41900578906249997 0.9474399953124999 0.40734111562499997 0.9407139390625 0.406679925 0.9367394640625 0.417652359375 0.9426970671875001 0.41900578906249997
6 0.9432837 0.3895807234375 0.9404164328125001 0.3767072796875 0.93551649375 0.3777611609375 0.939152215625 0.389942365625 0.9432837 0.3895807234375
6 0.9523233390625 0.35254104218750004 0.9456137968749999 0.34312878750000003 0.939003421875 0.3437074140625 0.9440603703124999 0.3532643265625 0.9523233390625 0.35254104218750004
6 0.9413005703125 0.3772548609375 0.9396066515625 0.36802854687500003 0.9363014640625 0.368317859375 0.9362271062499999 0.3764490125 0.9413005703125 0.3772548609375
6 0.5335392484375 0.122960215625 0.5336136078125 0.1148290625 0.5285401421875 0.1140232140625 0.5276973296875 0.1228466046875 0.5335392484375 0.122960215625
6 0.5094361468749999 0.10569588593749998 0.50252005 0.11192602812500001 0.5059987625 0.11349644218749999 0.51303054375 0.1085061203125 0.5094361468749999 0.10569588593749998
6 0.499942153125 0.2271466453125 0.4781113859375 0.2253077265625 0.47757429843750004 0.22847960312499999 0.49857876875 0.23039084999999998 0.499942153125 0.2271466453125
6 0.24429445 0.451390475 0.2409314203125 0.451059878125 0.23607280937500003 0.46148473125 0.239551521875 0.4630551453125 0.2436251640625 0.46207359531250003 0.24429445 0.451390475
6 0.242014384375 0.8465727671875 0.22781032968749998 0.8371915578125 0.22001009531250001 0.84287411875 0.2359824265625 0.8533504890625 0.242014384375 0.8465727671875
6 0.9747905265625001 0.48619347968750004 0.9726586859375 0.4901299234375 0.9927790171875 0.4914935890625 0.9747905265625001 0.48619347968750004
6 0.7366601203124999 0.5589105296875 0.7387506328125 0.545603115625 0.73461915 0.5459647578125 0.7358338234375 0.558982859375 0.7366601203124999 0.5589105296875