7 0.49952058906249996 0.362634859375 0.5051896484375 0.368036296875 0.502597715625 0.3698289375 0.49111667031249995 0.36677188906249997 0.45924008125000004 0.3562039609375 0.4364651109375 0.3526895859375 0.43111011093749996 0.347908590625 0.42465731250000005 0.34921002031250004 0.42204280625 0.367906475 0.4233719171875 0.374769315625 0.4406489609375 0.3812485296875 0.4507722140625 0.38340721875 0.48648757187499997 0.38929358125 0.5061821265625001 0.391182509375 0.520934 0.39289609531249997 0.53025141875 0.39658488125 0.547252484375 0.40184986718750004 0.56273403125 0.403220921875 0.5792372109375 0.3996971171875 0.5871968390625 0.40248754531250003 0.5974089499999999 0.40326074375000004 0.604245865625 0.3904528625 0.5868545734375 0.3857549953125 0.5740951953125 0.375043396875 0.5552699484375 0.3706347375 0.52346623125 0.36444787500000003 0.49952058906249996 0.362634859375
6 0.5354521796875 0.49204736093749996 0.5113795984375 0.49221361718749995 0.5132385671875 0.49633213749999994 0.5362293375 0.49648174999999994 0.5354521796875 0.49204736093749996
6 0.6059355656250001 0.44686624375 0.5811619890624999 0.44141054999999996 0.5805305781250001 0.44573829062500003 0.603267465625 0.44984645 0.6059355656250001 0.44686624375
6 0.8688298296875001 0.6236940171875001 0.8475268968749999 0.61929665 0.8456011640625001 0.621736396875 0.8665392609375001 0.6263050296875 0.8688298296875001 0.6236940171875001
6 0.6550040640625 0.5866211531250001 0.6506641171875 0.5880825546875 0.6554511734374999 0.596201653125 0.6618024203124999 0.5964836421874999 0.6550040640625 0.5866211531250001
6 0.2518986125 0.32837314375000004 0.2540208640625 0.3339038171875 0.284432003125 0.3342174765625 0.28355329375 0.33136650625 0.2737314046875 0.3300261890625 0.2518986125 0.32837314375000004
6 0.55337389375 0.1739893296875 0.547051328125 0.16774285625000002 0.5399483140625 0.162630625 0.5343140453124999 0.16220403125 0.5316459484375 0.1651842359375 0.5476253796874999 0.175344084375 0.55337389375 0.1739893296875
6 0.9875260546875 0.6764364359374999 0.9811654046875 0.670783746875 0.9753788078125 0.6727322828125 0.98385230625 0.67854494375 0.9875260546875 0.6764364359374999
6 0.9820137609374999 0.850661275 0.9716918484375 0.8460828015624999 0.9711619875 0.8488271234375 0.9819973671875 0.8509168875 0.9820137609374999 0.850661275
6 0.9720416500000001 0.8075249140625 0.9588854609374999 0.8085176953125 0.9608713703125 0.8106569406249999 0.97542343125 0.8099687359375001 0.9720416500000001 0.8075249140625
6 0.8053041515625001 0.7921161390625 0.791684865625 0.789294975 0.7911803953125001 0.7916434406249999 0.8037559484375001 0.7941866937500001 0.8053041515625001 0.7921161390625
6 0.8117381453125001 0.7800733046875 0.8053742046875 0.77998924375 0.8121631593749999 0.7844810328125 0.8171439203125 0.7840625921875 0.8117381453125001 0.7800733046875
6 0.4206938546875 0.6923903953125 0.4038037421875 0.690912690625 0.4036514140625 0.69328781875 0.4219373984375 0.6950700984375 0.4206938546875 0.6923903953125
6 0.44996252343750004 0.71051751875 0.433878246875 0.7075097203125 0.4326948796875 0.7094090078125 0.45046369999999997 0.7137376828125 0.44996252343750004 0.71051751875
6 0.6486179859375001 0.7303318109375 0.6315280609375 0.7264523171875 0.6309220359375 0.7303842031250001 0.648779715625 0.733327384375 0.6486179859375001 0.7303318109375
6 0.6003900671875 0.7429891484375 0.60502198125 0.7369754171875 0.59878498125 0.7349120796874999 0.593385315625 0.741862125 0.6003900671875 0.7429891484375
6 0.48700699218750004 0.723266725 0.4870356734375 0.717302240625 0.48133793281250004 0.717865284375 0.48309535 0.7235672234375 0.48700699218750004 0.723266725
6 0.23450346562500002 0.6492554828125 0.2491537875 0.6525524875000001 0.2507146828125 0.6502840062499999 0.2371588703125 0.6464732046874999 0.23450346562500002 0.6492554828125
6 0.0357648203125 0.5148751078125 0.0459609453125 0.5214148640625 0.050237425 0.520943096875 0.037325715625 0.5126066265625 0.0357648203125 0.5148751078125
6 0.1072500828125 0.49821090625000003 0.11092053906249999 0.5016710265625 0.118946928125 0.49790318750000007 0.11766530156249999 0.4958172671875 0.11161541875 0.49635365 0.1072500828125 0.49821090625000003
6 0.3968320015625 0.3361643890625 0.38223245625 0.332075675 0.3801670890625 0.3366926234375 0.3992937015625 0.341919653125 0.3968320015625 0.3361643890625
6 0.543381784375 0.2690970515625 0.531123584375 0.2616056140625 0.5230243234375 0.2609923890625 0.5408881109375 0.27487490000000003 0.543381784375 0.2690970515625
57 0.7514514078125 0.6607500921875 0.7395547515625001 0.65865601875 0.7393643390625 0.66162493125 0.7494241234375 0.6647732578125 0.7514514078125 0.6607500921875
6 0.238121325 0.44387868125 0.23400046875 0.43640668906249996 0.22453072187499998 0.4350930328125 0.2310531 0.44374129531250006 0.238121325 0.44387868125
6 0.031237275 0.53581338125 0.0255903125 0.535584715625 0.0262024453125 0.5425921625 0.03110704375 0.543361284375 0.028556484375000003 0.5389915140625 0.031237275 0.53581338125