29 0.7551344531249999 0.827639809375 0.75851731875 0.82174351875 0.741526703125 0.8016098421875 0.7368916140625 0.802055590625 0.7551344531249999 0.827639809375
6 0.051435939062500005 0.952292109375 0.0573843703125 0.9499992984375 0.061396621875 0.8999479562499999 0.0547637359375 0.8975099671875 0.0454617359375 0.8973075406250001 0.0387379375 0.9481358765625 0.051435939062500005 0.952292109375
6 0.17645386406250002 0.0993330140625 0.1788204078125 0.10549375624999999 0.1866342875 0.082738065625 0.177897525 0.0737699234375 0.1663082890625 0.088930159375 0.15646731875 0.11719364531250001 0.1726461859375 0.12822082031249998 0.1747874375 0.11723862656249999 0.172060228125 0.0986800671875 0.17645386406250002 0.0993330140625
29 0.723808553125 0.0233784546875 0.7173666078125 0.027504018749999998 0.7076499046875 0.08823493437499999 0.7211253046875 0.0909182875 0.7301999859375 0.0269151390625 0.723808553125 0.0233784546875
29 0.6060755343750001 0.32787545625000003 0.6124220078125 0.320468115625 0.6108965093750001 0.3150223453125 0.6058527687499999 0.3202179796875 0.6060755343750001 0.32787545625000003
29 0.4308685625 0.31086884375 0.4330204203125 0.30025129375000004 0.426944696875 0.2981684046875 0.4265572609375 0.30364757343750004 0.4308685625 0.31086884375
29 0.3824446265625 0.385044475 0.38368624218749997 0.3901303765625 0.39241492031249997 0.408219334375 0.40541296875 0.394493809375 0.3920279828125 0.3761213171875 0.3824446265625 0.385044475
29 0.3006607640625 0.3839185203125 0.30287071718749997 0.3940950921875 0.30781898750000003 0.38561768281250003 0.3006607640625 0.3839185203125
29 0.2168805625 0.069805890625 0.2122959859375 0.06258939218750001 0.20754673750000002 0.0685095375 0.21161658593750002 0.07682950468750001 0.2168805625 0.069805890625
29 0.078808375 0.1732735046875 0.05895467812500001 0.1769035671875 0.055770832812500004 0.18024259375 0.058582904687500006 0.2017182890625 0.0710631984375 0.217187959375 0.07333679843749999 0.22955238281249998 0.0829014671875 0.229385396875 0.082060921875 0.191093240625 0.078808375 0.1732735046875
29 0.734419490625 0.7546712453125 0.7281528234375 0.7460248078125 0.72137395625 0.747967290625 0.7292802796875 0.7565851046875001 0.734419490625 0.7546712453125
57 0.33835018125 0.49526238906250003 0.3766563453125 0.515023928125 0.375045984375 0.5066610218750001 0.34558013125000003 0.4900285875 0.34327773281249996 0.4484785109375 0.37305929375 0.466564740625 0.3766750359375 0.506267753125 0.379126440625 0.5153456296875001 0.38052211874999997 0.5069302437500001 0.3789041734375 0.4701109671875 0.40189373125000005 0.480289584375 0.4037005859375 0.47660976875000005 0.372457175 0.45526561875000005 0.3458725921875 0.44369045937499996 0.3396084546875 0.44452947500000006 0.3392578984375 0.47007348125000004 0.340356059375 0.48902531250000003 0.336792859375 0.48872269218750003 0.33835018125 0.49526238906250003
6 0.04712303125 0.46568825 0.0502432296875 0.46016137187500006 0.0368314765625 0.45966586875 0.0346897265625 0.5082252453125 0.04348760625 0.50989578125 0.050287690625000006 0.50868258125 0.051227231250000005 0.48458759999999995 0.0493542015625 0.47659410625 0.04712303125 0.46568825
6 0.10010018125 0.162686625 0.09939956718750001 0.1761974546875 0.1394383328125 0.189726684375 0.1410305046875 0.169268578125 0.1017903515625 0.1549957515625 0.10010018125 0.162686625
6 0.1875394765625 0.0480637015625 0.18570635 0.03204331875 0.1591692546875 0.040897639062500005 0.1661309828125 0.054639521875 0.1875394765625 0.0480637015625
29 0.687366915625 0.45305117343749995 0.6918534937499999 0.447500440625 0.68815239375 0.44245747812499997 0.683381928125 0.4476483421875 0.687366915625 0.45305117343749995