29 0.21431798125 0.2572153046875 0.21162754375 0.263039771875 0.22890735 0.2798419890625 0.23317168281249998 0.27892813437499997 0.21431798125 0.2572153046875
6 0.8574138828125 0.0657241265625 0.8520715593749999 0.068489971875 0.8521409343749999 0.11526044843750001 0.8584761671875001 0.1168002859375 0.867117175 0.115981871875 0.8695033656250001 0.068198871875 0.8574138828125 0.0657241265625
6 0.9560449703125 0.370382684375 0.9736950906249999 0.5035724828125 0.9803582640625 0.5057512156249999 0.96085284375 0.3697373296875 0.9560449703125 0.370382684375
6 0.8060720625 0.8688964765625 0.8034110906249999 0.8634488640625 0.79788840625 0.8853605828125 0.8066690140624999 0.8927184296874999 0.8162676890625 0.8774302203125 0.8232530312499999 0.8502002953125001 0.8074155 0.841740940625 0.8062615078125001 0.8521395890625 0.8101956921875001 0.86902588125 0.8060720625 0.8688964765625
29 0.314338103125 0.93660864375 0.301639275 0.9355815281250001 0.298070734375 0.995815734375 0.29942504375 0.9963804765625 0.30690458125000003 0.99629344375 0.30992644375 0.9938828984375 0.314338103125 0.93660864375
29 0.39038161875 0.703770590625 0.3850574640625 0.7113144109375 0.3868844046875 0.7161910578125 0.3911680125 0.7108356578125 0.39038161875 0.703770590625
29 0.55413754375 0.7005700296875 0.5529461046875 0.710632246875 0.5587378000000001 0.7119035859375 0.55868218125 0.706789175 0.55413754375 0.7005700296875
29 0.59342410625 0.6266635203125 0.591887659375 0.6220893375000001 0.5824239125 0.606286728125 0.57141021875 0.6203990421875 0.5852131921875 0.635960659375 0.59342410625 0.6266635203125
29 0.6693469578125 0.618862690625 0.666527109375 0.6096803609375 0.6625805265625 0.6180636484375001 0.6693469578125 0.618862690625
29 0.7708204796875 0.9006034625 0.7756181609375 0.9067886406250001 0.779573828125 0.90079434375 0.775169896875 0.8935319359375 0.7708204796875 0.9006034625
29 0.8910192265625 0.7898853703125 0.9091545484375001 0.7843779625 0.9118540749999999 0.7809424828125 0.9076203109375 0.7613647359375 0.8948760546875001 0.7483926750000001 0.8918315203124999 0.7371917546875 0.882974915625 0.7383805671875 0.8866538453125001 0.7737398734375 0.8910192265625 0.7898853703125
29 0.239052028125 0.3225284046875 0.245517775 0.3298555140625 0.251656684375 0.327324203125 0.2436726625 0.3202008890625 0.239052028125 0.3225284046875
57 0.6259668265625 0.5198578515625 0.5889494390625 0.5057049859375 0.591075959375 0.5132730890625 0.61965885 0.52548498125 0.6249400374999999 0.5637023421875 0.5959543109375 0.5501786875 0.5895951312500001 0.5138133140625001 0.5866345796875 0.5056742484375001 0.58597759375 0.5136159765625 0.5902658734374999 0.5475276578125 0.568177090625 0.5405903171875 0.5667802421875 0.5441923984375 0.5973682250000001 0.56057410625 0.6228963937499999 0.568415615625 0.6286415562500001 0.5669615328125001 0.6270324203125 0.5432754421875 0.6245790640625 0.525848921875 0.6279061078125 0.52574379375 0.6259668265625 0.5198578515625
6 0.8982590578125 0.515746921875 0.8957842171875001 0.5212009937500001 0.908258359375 0.52020951875 0.9065674515625 0.4750225296875 0.8982827484374999 0.4744272859375 0.8920689421875 0.47628573281250003 0.8930221968750001 0.4986940265625 0.8953643124999999 0.50589173125 0.8982590578125 0.515746921875
6 0.8720771296875001 0.801988778125 0.8717037578125 0.7894049390625 0.8335516578125001 0.7812091765625 0.8336243453125001 0.800321084375 0.871092203125 0.8092916078125001 0.8720771296875001 0.801988778125
6 0.7996745875 0.917559365625 0.8025875031249999 0.9321925343749999 0.826524709375 0.9211259296875 0.8190286078125 0.9091567062499999 0.7996745875 0.917559365625
29 0.305522340625 0.5966751171875 0.301782271875 0.6022990171875 0.30559613125 0.606567503125 0.30962669374999996 0.60124606875 0.305522340625 0.5966751171875