42 0.45475962968749994 0.2246756265625 0.4645090484375 0.22895186875 0.5935509062500001 0.198283021875 0.5940564984375001 0.19390508125 0.5912620078125 0.19246376406250001 0.45475962968749994 0.2246756265625
42 0.46426538125 0.08866190625 0.50927891875 0.08555075625 0.50803534375 0.0802079609375 0.3774340515625 0.08938635625 0.375904 0.09380007812499999 0.4424207171875 0.08968138125 0.45420577968750003 0.085165959375 0.46426538125 0.08866190625
42 0.3944856390625 0.0210781703125 0.3879661046875 0.0205364234375 0.3764532484375 0.06531082031249999 0.342104415625 0.1791084125 0.34956493593750004 0.17756539531249999 0.37003137812500003 0.1091379390625 0.38402854375 0.06658515468750001 0.3944856390625 0.0210781703125
42 0.727969846875 0.61858726875 0.7320781109375 0.6187002625 0.749524275 0.58526055 0.75158838125 0.568773278125 0.75333186875 0.5528101765625 0.7605695140625001 0.5038248234375 0.7647498953125 0.472130890625 0.7689407125 0.44069308281249997 0.7627626640625 0.44013940625 0.762556821875 0.44348092812499995 0.7426736875 0.584986853125 0.7257644187500001 0.6148169921875 0.727969846875 0.61858726875
42 0.397458125 0.429814871875 0.3365020078125 0.3521764328125 0.3310040890625 0.3431349265625 0.33396176875 0.3066104453125 0.3243375578125 0.305407675 0.3215050890625 0.34500562968750004 0.3269508359375 0.35276652343750003 0.392234334375 0.43589653124999994 0.397458125 0.429814871875
42 0.133171884375 0.263352125 0.1190296421875 0.24358359687500003 0.094285225 0.20700074218750003 0.0880967421875 0.2061909453125 0.085841984375 0.20960403125 0.10940543124999999 0.2423808296875 0.1330627890625 0.27746272968749996 0.154441678125 0.30698149375 0.1653123015625 0.321991034375 0.1644386765625 0.3089407046875 0.1543344984375 0.295956290625 0.133171884375 0.263352125
42 0.491902421875 0.7586669968749999 0.48334440624999997 0.7584529359375 0.3706521359375 0.787524778125 0.3676935375 0.7904494734374999 0.368170665625 0.793767140625 0.3720417875 0.7964532890625 0.4092609109375 0.7866892296875 0.47417929531249997 0.768519565625 0.486741234375 0.7662853921874999 0.491902421875 0.7586669968749999
42 0.43888402656250003 0.590467834375 0.388422903125 0.5186185203125 0.3832797484375 0.518285184375 0.3786554546875 0.522294009375 0.43841257499999997 0.6040781187500001 0.45249221406249995 0.622309909375 0.45989012812499996 0.6192301578125 0.43888402656250003 0.590467834375
42 0.1806886796875 0.28811064218750004 0.1757836671875 0.226468559375 0.1689226453125 0.22593873750000001 0.17426305312499998 0.28987399687500004 0.1806886796875 0.28811064218750004
42 0.11969435625 0.5285176093749999 0.1211959421875 0.5317994953125 0.1263286671875 0.53187670625 0.18027968125 0.48792842031249994 0.179273253125 0.48001247031250005 0.11969435625 0.5285176093749999
42 0.0396622890625 0.6541703046875 0.0770331703125 0.6649199140625 0.1015812578125 0.67150063125 0.12227909374999998 0.67590744375 0.1048187375 0.6670272703125 0.059820390625 0.6537227125 0.0241986765625 0.6439379546875 0.018922715625 0.6487390015625001 0.0396622890625 0.6541703046875
42 0.3436436734375 0.5106925375 0.3448350765625 0.51475471875 0.3623684734375 0.52542775 0.37138275 0.5284472328125001 0.41938902499999997 0.5316437328125 0.42812158125 0.5277479031250001 0.3714842515625 0.522544484375 0.34871379375 0.5092330140625 0.3436436734375 0.5106925375
42 0.357643371875 0.8459452421875 0.35532416875 0.7806220234375 0.34779060781250004 0.7803721796875001 0.3508240875 0.8464399125 0.357643371875 0.8459452421875
42 0.34975328906250003 0.677452278125 0.35047232031250003 0.6615249609375 0.34371564062500004 0.6635563671875 0.34339026562499997 0.6807523718749999 0.34975328906250003 0.677452278125
42 0.3556845265625 0.8985935265625 0.361591290625 0.8924880109375 0.26160143593749996 0.8136480671875 0.25598398906250003 0.8184610421875 0.3556845265625 0.8985935265625
42 0.419651490625 0.8822525046875 0.40315774375 0.8551279828125 0.38339237656249997 0.8232444765625001 0.37630464375 0.8255439328125 0.376750471875 0.8280932328124999 0.4129991515625 0.8868451374999999 0.419651490625 0.8822525046875
42 0.031379568749999996 0.6620492890625 0.0374312359375 0.6665596140625001 0.0637626328125 0.683337528125 0.06660645625 0.67759548125 0.039964878125 0.6615978625000001 0.0382470125 0.661401378125 0.038636584375 0.66077098125 0.008386575 0.6419398843749999 0.008648440625 0.648367859375 0.0213401453125 0.656166940625 0.022907228125 0.6557348375000001 0.02266008125 0.65697804375 0.024117562500000002 0.656636903125 0.023980018750000002 0.6577891484375 0.025327896875 0.6575389671874999 0.02529995625 0.658600253125 0.02653823125 0.65844103125 0.026619895312500003 0.6594113578125 0.027748565625 0.659343096875 0.02793983125 0.6602224624999999 0.029657693750000002 0.6604189484375 0.030169234375 0.661147225 0.031375559375 0.660615434375 0.033093421875 0.6608119203125 0.031379568749999996 0.6620492890625
42 0.08014359843749999 0.5901735140625 0.076916553125 0.5949029953125 0.11703735156249999 0.59760545625 0.122800875 0.5963782 0.1209578015625 0.5931082421875 0.08014359843749999 0.5901735140625
42 0.00930309375 0.6644374140625 0.091573825 0.6692852968749999 0.06976805781249999 0.6628652859375 0.0091004359375 0.6594628703125001 0.00930309375 0.6644374140625
42 0.1114634828125 0.6706424921874999 0.11798301562499999 0.6711842390625 0.1188196609375 0.6665382484375 0.10203467968749999 0.6658420765625 0.1114634828125 0.6706424921874999
42 0.3989140640625 0.5746792593750001 0.3912315890625 0.562379721875 0.38401865 0.5616057046875 0.401320578125 0.5917798453125 0.3989140640625 0.5746792593750001
42 0.1627047015625 0.2915601421875 0.15474050625 0.272345290625 0.1485624578125 0.271791615625 0.15663099375 0.29356769374999997 0.1627047015625 0.2915601421875
42 0.29122470312500004 0.43275591562500004 0.300786309375 0.4324219484375 0.3211606890625 0.42888895624999995 0.33110551718750003 0.42956755312499995 0.34557313437500004 0.43214007812500005 0.353096259375 0.432133796875 0.3552884125 0.427183975 0.292475871875 0.42989085625 0.29122470312500004 0.43275591562500004
42 0.12004320937499999 0.797303959375 0.114190534375 0.77955428125 0.106057478125 0.781377275 0.1132656625 0.798823121875 0.12004320937499999 0.797303959375
39 0.159417965625 0.21088148750000002 0.1538346609375 0.22492680781250002 0.159460625 0.24550576249999997 0.17093074531250002 0.25844246875 0.16926413125 0.22592681093750003 0.1771704765625 0.2269330953125 0.180286509375 0.261450025 0.203054128125 0.26629751874999996 0.1987912703125 0.23720687499999998 0.1969975296875 0.226753553125 0.19600913125 0.2108858734375 0.190865053125 0.1769527515625 0.18205945625 0.1790557234375 0.1792260671875 0.18505389218749999 0.1683952640625 0.19620465 0.163077565625 0.1999812046875 0.159417965625 0.21088148750000002
39 0.1803005484375 0.48844066562500005 0.18322025 0.4929554546875 0.1908268484375 0.49499815625 0.19514095468749998 0.49176962968750004 0.2040641640625 0.500947984375 0.2165321984375 0.4964087078125 0.2298112515625 0.5033830265625 0.24169305937500002 0.5096366875 0.25362419687500004 0.5087069828125 0.2498754484375 0.50063033125 0.24963546406249998 0.4947395078125 0.24849339218750002 0.4834939625 0.24553955156249999 0.469746828125 0.244366178125 0.457732915625 0.24572928125 0.44922122968749995 0.24884155156249999 0.441674396875 0.243346475 0.44109686562499995 0.23602919218750001 0.4377616234375 0.23448587031249998 0.43345524687500003 0.231514 0.42765984375 0.22897752031250002 0.424157615625 0.22550005781250002 0.4227401546875 0.22469187656249998 0.4196905359375 0.219911075 0.41985751875000005 0.21873010625 0.4160514625 0.20405948437500002 0.42528443749999995 0.1932286796875 0.4364351953125 0.18715780937499998 0.44690672343750004 0.183581684375 0.4598559890625 0.185417159375 0.4713338 0.18195013124999998 0.4701724609375 0.17868135000000002 0.47387745312499996 0.17948953125 0.4769270703125 0.1803005484375 0.48844066562500005
39 0.20615688593749998 0.292094346875 0.2022592203125 0.271968 0.18719778125 0.2883962671875 0.20615688593749998 0.292094346875
39 0.3375368984375 0.352396775 0.349541075 0.3532599296875 0.3471345625 0.33615934531249997 0.3442879015625 0.3334374140625 0.343312775 0.3262898328125 0.3439170296875 0.3075451640625 0.33830434062500003 0.2956863078125 0.3354444046875 0.2842442765625 0.332939228125 0.28151041875 0.327866271875 0.2745059671875 0.32836142968750004 0.269871903125 0.3259786234375 0.261747540625 0.3214036640625 0.258573 0.3123059140625 0.2535045359375 0.3182164375 0.2894627828125 0.32349331718749996 0.3182615203125 0.324327125 0.30515155312500003 0.334303253125 0.30659851875 0.331014525 0.3433910484375 0.3375368984375 0.352396775
39 0.344769634375 0.50475400625 0.334256609375 0.5069166140625 0.321311446875 0.508138221875 0.3038956640625 0.5087465171875001 0.280716359375 0.5105820703124999 0.312675634375 0.5228031328125 0.333767128125 0.5284786312499999 0.35594284374999996 0.52719110625 0.3574833296875 0.52303350625 0.344172975 0.5152908187499999 0.343312621875 0.5109605875 0.3490552765625 0.5092210875000001 0.3644458515625 0.517660578125 0.3615233125 0.5046818109375 0.35713332656249996 0.497653503125 0.344769634375 0.50475400625
39 0.2180262640625 0.41556307031250006 0.21609688125 0.401780153125 0.20907934843749998 0.39740849218749996 0.20394662812500003 0.39733128125 0.194147875 0.4002384 0.18914795625 0.3950268078125 0.1866921125 0.3851095859375 0.17830863749999998 0.380785634375 0.172161890625 0.3810003265625 0.17032165625 0.38619434531249996 0.16022031875 0.38167390625 0.1604574640625 0.379100753125 0.15653417187500002 0.375133990625 0.1545791640625 0.377510659375 0.15512933125 0.3826211859375 0.161041771875 0.393443625 0.1665738265625 0.41171747812500004 0.173036434375 0.4276504421875 0.17998376875 0.43869322187500004 0.186391365625 0.444881596875 0.1918731703125 0.43673902656249997 0.20371799687499997 0.42529636562500006 0.2180262640625 0.41556307031250006
39 0.126903309375 0.764233996875 0.1274193359375 0.760112178125 0.1148052265625 0.7610657359374999 0.107104721875 0.7567179296875 0.089253546875 0.7550330484375001 0.078547953125 0.769257278125 0.08212975624999999 0.77323596875 0.09463952656249999 0.7697211828125 0.10150054687500001 0.7702510046875 0.1186659125 0.7634957625000001 0.126903309375 0.764233996875
6 0.6972533750000001 0.393438459375 0.6970342578125 0.388059884375 0.68475595625 0.3720735609375 0.67996471875 0.3719844203125 0.676291846875 0.374164603125 0.69072340625 0.3926405890625 0.6972533750000001 0.393438459375
29 0.7435994828125 0.5993177968750001 0.7471291171875001 0.6020158734375001 0.754704409375 0.6032902078125 0.7614715234375 0.6015149234375 0.76496701875 0.5949806546875 0.7634445609375 0.5911865234375 0.75691459375 0.5903886515625001 0.747342553125 0.590466496875 0.7435994828125 0.5993177968750001
57 0.8269752875 0.44661716093750004 0.8082609250000001 0.43213807031249996 0.7899819531250001 0.419952159375 0.7790335359375 0.4198215890625 0.769555403125 0.42220453750000003 0.7370155765625 0.437704365625 0.7537692546875 0.43763216875 0.7630206765625 0.4380784984375 0.77549155 0.4420031984375 0.791732040625 0.45451679843750004 0.8055925640625 0.46737001093749997 0.81997195 0.4845653828125 0.8421030937499999 0.47378939062500003 0.843912021875 0.46782700312500003 0.8370898999999999 0.45985769843749996 0.8269752875 0.44661716093750004