7 0.1917550015625 0.3213889453125 0.2069473375 0.332350846875 0.23368422500000002 0.327430353125 0.2448493390625 0.3137285734375 0.2509632296875 0.2911132328125 0.253494778125 0.26707868437500004 0.2472419296875 0.253308528125 0.237961665625 0.24251861562500002 0.225766153125 0.2298905734375 0.20878668125000002 0.2109867296875 0.1879270109375 0.18934002187500001 0.1722226734375 0.1862531796875 0.16108601875 0.184614209375 0.1514692390625 0.188279425 0.14610189375 0.1929449203125 0.13749085156250002 0.19576273125000002 0.134300275 0.2057515203125 0.135359134375 0.21674059375 0.134859459375 0.238204265625 0.1355286859375 0.2518119875 0.1414938734375 0.263820453125 0.1568515 0.281800453125 0.16773321875 0.2943902765625 0.1917550015625 0.3213889453125
6 0.9658535359375 0.45918933125 0.9523280968750001 0.47545243125000003 0.958015825 0.48526117187500006 0.9715412640625001 0.46899807187500003 0.9658535359375 0.45918933125
6 0.6191776265625 0.187859 0.6309201890625 0.19170725 0.63364975 0.187403346875 0.6199161 0.1843738359375 0.6191776265625 0.187859
6 0.6173497 0.1816691921875 0.60770445625 0.200675153125 0.611584653125 0.2034180203125 0.6199161 0.1843738359375 0.6173497 0.1816691921875
6 0.6584690625 0.194262 0.6480199 0.1913280375 0.6472610296875 0.19568926874999998 0.6577101921875 0.19862323125 0.6584690625 0.194262
6 0.6469100546875 0.1825291359375 0.6467468953125 0.18953768124999998 0.6591871453125 0.19165290468750001 0.6599664109375001 0.18641560625 0.6469100546875 0.1825291359375
6 0.45267164062500004 0.026969396875000003 0.4409902625 0.0204929421875 0.439513309375 0.02746326875 0.45055818593749997 0.0330445453125 0.45267164062500004 0.026969396875000003
6 0.42187907031250005 0.022566960937499998 0.4080434484375 0.023917790624999997 0.40857797656250006 0.029193309374999997 0.421777096875 0.026947301562499998 0.42187907031250005 0.022566960937499998
6 0.3840849796875 0.008317564062500001 0.37343186875 0.0141442859375 0.3732687078125 0.02115283125 0.38388102968750004 0.0170782484375 0.3840849796875 0.008317564062500001
6 0.4087207390625 0.0230608328125 0.3988468921875 0.0236502515625 0.3987653140625 0.027154525000000002 0.407284575 0.028279021874999997 0.4087207390625 0.0230608328125
6 0.0945185984375 0.41806131718749995 0.085999334375 0.41693681875 0.084563171875 0.42215500937500006 0.09371893906249999 0.42417468437499994 0.0945185984375 0.41806131718749995
6 0.07360413593750001 0.441122753125 0.079332653125 0.44917935625 0.0813849234375 0.44573241093749993 0.0769702 0.4377140296875 0.07360413593750001 0.441122753125
6 0.1998753484375 0.4667126625 0.1954036984375 0.4893757765625 0.1986677875 0.49034739531250005 0.203119040625 0.4685603484375 0.1998753484375 0.4667126625
6 0.40528191874999997 0.763739803125 0.4045434421875 0.7672249671875 0.414911025 0.7736632046875 0.41696329531250004 0.7702162593749999 0.41640837499999994 0.765816809375 0.40528191874999997 0.763739803125
6 0.8194821343750001 0.8169924453125 0.8079885703125 0.8306846703125 0.8130397953124999 0.8395982312499999 0.8258879421875 0.8241920890625 0.8194821343750001 0.8169924453125
6 0.5276976531249999 0 0.5268763203125 0.0019515859375 0.5307565171874999 0.00469445 0.5316029859375 0 0.5276976531249999 0
6 0.57540266875 0.26110176875 0.5616894140625 0.2571961875 0.561587440625 0.2615765296875 0.5753822734375 0.2619778359375 0.57540266875 0.26110176875