20 0.8359089453124999 0.23647891406250002 0.8362036359375 0.2189049984375 0.835267459375 0.2085517328125 0.8516385359375 0.09655128125 0.83668308125 0.0922653640625 0.81104285 0.19619990625 0.8067723609374999 0.2086931859375 0.80188931875 0.21996764687499998 0.7900544890625001 0.2751925421875 0.7994276625000001 0.28440881562500003 0.8001673671875 0.29814471249999996 0.8096098984375001 0.3164612046875 0.8166311234375 0.33161085625000003 0.8359089453124999 0.23647891406250002
9 0.8175904328125 0.3533308375 0.8106847546875 0.320014975 0.8047846125 0.3061525953125 0.8001673671875 0.29814471249999996 0.7987399875000001 0.28374806406249997 0.7839983359375 0.27210458593750003 0.7824033828125 0.2627990015625 0.7865756171875 0.23949707187499997 0.7777976640625 0.2354745453125 0.7742841703125001 0.2327288625 0.7700772359375 0.23898071718749997 0.7676848625 0.2625222390625 0.779282946875 0.3282878484375 0.7920771625 0.3447828 0.8175904328125 0.3533308375
25 0.6198066453125 0.5437513968750001 0.609196840625 0.5514140640625 0.6064172859375 0.5720625640625 0.6173276203125 0.5871675609375 0.6315665046875 0.5890843 0.6427599625 0.580932021875 0.646238759375 0.5666276296875 0.6436729703124999 0.5549186359375 0.6330284671874999 0.5455312265625001 0.6198066453125 0.5437513968750001
25 0.57745995625 0.619868928125 0.564659978125 0.6130322640625 0.5555353046875 0.61350850625 0.5438044171875 0.6198838984374999 0.5408341531249999 0.634256746875 0.542515796875 0.648687621875 0.550242025 0.66052309375 0.5689363453125 0.6658804921875 0.582660896875 0.6523871296875 0.5846603234375001 0.6356108765624999 0.5831693890625 0.6274556546875 0.57745995625 0.619868928125
21 0.529865759375 0.44073536718749995 0.520914428125 0.42646225781249997 0.5029713390625 0.415524184375 0.4822082359375 0.417842821875 0.46543825937500005 0.42126717031250005 0.45625002812500004 0.42798483750000005 0.45386341874999997 0.441868071875 0.42856433281250006 0.67596179375 0.4369435765625 0.6964078703125 0.4522688828125 0.7075617390625 0.4691428796875 0.70528775625 0.479169028125 0.698114703125 0.4885883921875 0.6800645453125 0.529865759375 0.44073536718749995
21 0.4816128234375 0.28764941875 0.4654555875 0.41729223906249996 0.49425118125 0.41491851874999996 0.5159504609375001 0.42295314375000004 0.5224400234375 0.4266676234375 0.5406776109375 0.2950321234375 0.529120065625 0.286658165625 0.5137312015625 0.281745725 0.492430665625 0.2822874765625 0.4816128234375 0.28764941875
20 0.36222390312499997 0.5533954796875 0.3777167859375 0.559458284375 0.38986375 0.5576843421875 0.40335136718750003 0.540181825 0.40911275312499995 0.5108438328125 0.41352768749999996 0.48189277343750003 0.4167232828125 0.4408457890625 0.4212421609375 0.363045228125 0.42364602500000004 0.2951872 0.427477303125 0.266725753125 0.414197690625 0.2615290640625 0.40232231875 0.25936230625 0.39440541875 0.2662511125 0.38890986562499996 0.3013066875 0.3612818125 0.4527007765625 0.357479428125 0.4828706546875 0.355260471875 0.541662690625 0.36222390312499997 0.5533954796875
21 0.4234206546875 0.2968614046875 0.42185471249999995 0.3642640453125 0.42878336875 0.308946896875 0.43437710156250003 0.23470010624999998 0.42368637343750004 0.2275791953125 0.40548325468749996 0.22626517812500002 0.3911808140625 0.23058986718750002 0.37568231875 0.33418507656249996 0.37316863125 0.3855510984375 0.37876820625 0.35164588281250003 0.3900020515625 0.30088553125 0.3940760296875 0.26677495 0.4013341515625 0.26093382656249997 0.41648607968749995 0.2618371109375 0.42732705624999995 0.2678418890625 0.4234206546875 0.2968614046875
20 0.3247251015625 0.301189290625 0.32254653125 0.31737325 0.3236040578125 0.32490195 0.3220726984375 0.334354871875 0.31910827343750003 0.3890692953125 0.318149115625 0.46734904374999997 0.32936570781249996 0.47056348281249993 0.34293424843750003 0.46784454062499997 0.349851415625 0.45684389843749995 0.3536018078125 0.4385988046875 0.3738850125 0.26292061875 0.3747806890625 0.24088216093749998 0.36919836875 0.220812584375 0.37809748125 0.0970108859375 0.3790104859375 0.0709975015625 0.3729254390625 0.0662011140625 0.3616626203125 0.065253171875 0.35730544062499997 0.0726211625 0.35480904999999996 0.095012321875 0.3382703953125 0.2121038375 0.33022638125000003 0.23147549375 0.324187596875 0.24941254062499998 0.3206163859375 0.2932498625 0.3247251015625 0.301189290625
20 0.2491680375 0.5086313312499999 0.24285769687499997 0.5555090093749999 0.2423318734375 0.584415415625 0.24442963281250002 0.628447671875 0.254970115625 0.6366847171875001 0.2691338765625 0.639159525 0.2843493625 0.633821384375 0.2981952625 0.6175034578124999 0.3082155734375 0.569988828125 0.3135030875 0.5326325234375 0.3161207921875 0.48241686718750004 0.32108453125 0.33592639062499996 0.322945278125 0.3259496296875 0.32226336875 0.3156305921875 0.3260137609375 0.2973854984375 0.3169815421875 0.29332874375 0.2953689484375 0.290419409375 0.2847591453125 0.298082075 0.2811589984375 0.3152110328125 0.279327146875 0.32689622812499997 0.2779576015625 0.340916371875 0.2491680375 0.5086313312499999
54 0.5583721984375 0.296277684375 0.5377824328125 0.2838469703125 0.5339048890625 0.289574984375 0.5413363890625 0.29398444218750003 0.5226191671875 0.42725991875 0.529536371875 0.4412592078125 0.528467315625 0.4530470828125 0.5463526125 0.460568296875 0.56447484375 0.472098665625 0.591259175 0.3058183171875 0.58052221875 0.300963903125 0.5583721984375 0.296277684375
39 0.6075666562500001 0.175059359375 0.592027621875 0.22126291718750002 0.63122501875 0.2339257359375 0.6316699921875 0.24023561718750003 0.62582771875 0.27978996093749997 0.6287459921874999 0.27734190000000003 0.6537332859375 0.2147966140625 0.6767153484375 0.1536859390625 0.6830315296875 0.1471498359375 0.6935257109374999 0.10765351875 0.6981371171874999 0.07531982499999999 0.6959122828125001 0.0687703515625 0.7021013140625 0.04971716875 0.7110988234375 0.030473865625000002 0.6624422390625 0.023924060937499998 0.6600376359375 0.0275776296875 0.652034084375 0.054341075 0.65056051875 0.0672108578125 0.6430365640625 0.06733439687500001 0.6416265546875 0.07396275468749999 0.6501502421875001 0.077951053125 0.6610952375 0.08510619375 0.6585005890625 0.0966887015625 0.6543861093750001 0.098407559375 0.6530338921875 0.1084527765625 0.6495319640624999 0.1113904546875 0.6476249890625 0.12363371406250001 0.6355936109375 0.132241378125 0.624041865625 0.1392090640625 0.613322278125 0.15537965625 0.6075666562500001 0.175059359375
54 0.24210604687499998 0.28609043437500004 0.23533340156250002 0.3306331609375 0.2438397578125 0.3385963890625 0.254443796875 0.34059201093749997 0.259714021875 0.3322105671875 0.2640654359375 0.33450086562500003 0.26722064375 0.33606195781250003 0.266821896875 0.327485578125 0.274420975 0.326803971875 0.2728838125 0.32091525 0.28029218125 0.3139579890625 0.2791190703125 0.2995955703125 0.27405108437500003 0.2949360921875 0.2824765171875 0.28811574218749997 0.272369440625 0.2805052171875 0.26539448125 0.288089 0.25820568125 0.2780304125 0.24836443749999998 0.276137471875 0.24210604687499998 0.28609043437500004
54 0.2669260296875 0.4036357375 0.2714738796875 0.3775434703125 0.25767416718749997 0.3665949671875 0.24511112499999999 0.3637674578125 0.232253353125 0.3535139328125 0.2243248859375 0.3547193796875 0.21796247656249998 0.3635219796875 0.2086297671875 0.361697496875 0.20516830000000003 0.3720269609375 0.20798259375 0.3934284671875 0.213726684375 0.393065334375 0.21435080312500002 0.3999675125 0.2349116734375 0.41068979375000003 0.23915906874999998 0.41182972656250005 0.249318134375 0.40751546875000005 0.2669260296875 0.4036357375