7 0.3062549421875 0.4912344796875 0.32807467031250004 0.4977222140625 0.338192784375 0.5071226515625 0.3848716234375 0.524278271875 0.40948808750000004 0.5321972734375 0.41856676562499995 0.5311375390624999 0.43440932656250003 0.5238393234375 0.44306987812500004 0.5121238499999999 0.3733958609375 0.483713653125 0.35095650156249997 0.48204410312499996 0.3433597296875 0.4762163484375 0.3207465703125 0.4712625640625 0.27634810781249997 0.45955336718749995 0.26382032187500004 0.4688903171875 0.283328609375 0.4794445453125 0.3032155609375 0.48705432968749995 0.3062549421875 0.4912344796875
7 0.3915859625 0.476703884375 0.3991138875 0.4830669921875 0.4755484265625 0.49599347031249996 0.4967779109375 0.4931638515625 0.5154205625 0.49654214531249996 0.5338205687500001 0.49717155625 0.562541875 0.496350103125 0.5653352468749999 0.48853613124999995 0.5397532359375 0.48348946093749995 0.518935159375 0.47848433593750006 0.49911705624999997 0.4703391984375 0.4558596203125 0.4636645234375 0.4404612140625 0.4582376984375 0.414638234375 0.45506476874999996 0.3944431453125 0.454486696875 0.3915859625 0.476703884375
38 0.2982711078125 0.4652380703125 0.2762448359375 0.4603563984375 0.262128509375 0.4681386265625 0.27949579999999996 0.476798346875 0.29085149375 0.47193979375 0.2982711078125 0.4652380703125
28 0.5676718828125 0.5538089390625001 0.564107746875 0.5305308421875 0.564897815625 0.5197516531249999 0.546633825 0.5134289125 0.52198461875 0.5104002078125001 0.5187143484375001 0.53582951875 0.5100504359375 0.53829975 0.5136095359375 0.5477099859375001 0.546857165625 0.5580490546875 0.5676718828125 0.5538089390625001
57 0.6440745078125001 0.47890563124999996 0.6331335796875 0.48517468125 0.6300648140625 0.4951300703125 0.638561646875 0.507866084375 0.647265021875 0.5189960359375 0.6655995406249999 0.529406040625 0.69356351875 0.5344734812499999 0.7044011765625 0.5290074609375 0.7154109515625 0.5222030578125 0.7025666312500001 0.51545861875 0.6670780875 0.5132733125 0.6595190984375 0.5164231218750001 0.653717409375 0.510544028125 0.6577550828125001 0.5069615453125 0.6647977125 0.5078268890625 0.679435434375 0.5098973671875 0.68989275 0.5027531749999999 0.6873336234375 0.4902029265625 0.6697270484375 0.488039565625 0.666756515625 0.48332406250000004 0.6440745078125001 0.47890563124999996
57 0.9745147390625 0.2040958203125 0.9575638953125001 0.20146921875 0.9161703890625 0.19420784687499998 0.8937310328124999 0.1925382984375 0.86142628125 0.2119529140625 0.8676771640625001 0.21897482968749998 0.8823921328125 0.2436230546875 0.8977938984374999 0.2582951203125 0.8894414812500001 0.2629788796875 0.9083251015625 0.264483434375 0.9129840843749999 0.2607053875 0.9285546124999999 0.264793828125 0.9358037859375001 0.2640531109375 0.9381840734375 0.2594512625 0.9544758234374999 0.253295865625 0.9747053343750001 0.25360625937500003 0.983197128125 0.25247441249999997 0.9952102375 0.2517752390625 0.9985328390625 0.2521834953125 0.9986353671874999 0.23456038281249997 0.9915445078125 0.2339227921875 0.9803903171874999 0.2233074234375 0.9604017718750001 0.22112329062499997 0.9474625781249999 0.23829498437500002 0.9316200203125 0.2455931984375 0.9068692203125 0.24799014531250002 0.9007560343750001 0.23989752343749998 0.9110739734375001 0.2292014171875 0.929332925 0.2216562953125 0.961332896875 0.218518634375 0.9898820828125 0.2190355640625 0.9981312296875 0.2151548359375 0.993331190625 0.21075835 0.9745147390625 0.2040958203125
47 0.19061319375000002 0.027563532812500003 0.2626297171875 0.04239431875 0.19703283437500002 0.024001821875000003 0.19061319375000002 0.027563532812500003
57 0.2690065703125 0.396112753125 0.2511229234375 0.3914681875 0.236037690625 0.3928775109375 0.24028526718749998 0.3969342078125 0.23773285937500002 0.4028744421875 0.23873619218750003 0.4089796703125 0.254375565625 0.4125327578125 0.26618045156250003 0.40881702343750004 0.2654722421875 0.40737047187500003 0.2690714328125 0.408356525 0.277744371875 0.406975028125 0.28254104999999996 0.402126275 0.2690065703125 0.396112753125
47 0.6856300390625 0.267030109375 0.603811934375 0.258880275 0.6019152609375 0.26435726718749997 0.68870384375 0.27094258125000004 0.6856300390625 0.267030109375
53 0.4868176484375 0.53816415 0.49113071093749994 0.532440253125 0.479115925 0.5285168078125 0.461576515625 0.521195471875 0.442691215625 0.515068296875 0.43437490156249997 0.524107 0.41963726562500003 0.53208479375 0.41004055 0.5325370625 0.345063296875 0.50932638125 0.3318747359375 0.5052587125 0.3192403171875 0.5061534515624999 0.31796663281250004 0.5160574984374999 0.32335355625 0.5205260968750001 0.332089678125 0.5267657515625 0.34417331406249996 0.5301538421875 0.3484897390625 0.5336751859375 0.3508733859375 0.5383185765625 0.36668991875 0.5544011390625 0.379327696875 0.5627516406249999 0.41616549062499997 0.5729880265625 0.4332540296875 0.5745439234374999 0.454726159375 0.5744631859375 0.46663431875 0.569944421875 0.46777030625 0.5611110828125 0.47291122343750003 0.5535855578125 0.47939803281250004 0.5448658734375 0.4868176484375 0.53816415
2 0.458632840625 0.40037910625000006 0.4502804203125 0.40506286718749995 0.44317062187499995 0.40935549687500006 0.4653345890625 0.4131664625 0.4663689875 0.4097587734375 0.458632840625 0.40037910625000006