6 0.176255159375 0.32901765 0.16110686406250002 0.34050551875 0.15509614375 0.3675806875 0.178077928125 0.4381811328125 0.20470574218749998 0.5037052531249999 0.212002803125 0.49673380937499995 0.22146893437499998 0.48332375 0.2291246015625 0.46644215000000006 0.176255159375 0.32901765
25 0.4810684390625 0.41980763281250005 0.4752733796875 0.44404737031249997 0.4756920828125 0.47231162187500003 0.480820015625 0.49970420000000004 0.48919778125 0.5220343125 0.49933085625 0.540768171875 0.5043660484375 0.5511966562499999 0.5111866593750001 0.54919068125 0.5305777515625001 0.5481590109375001 0.5472431328125 0.5355576234375 0.5590714218749999 0.512520825 0.5661303203125 0.480106703125 0.566135390625 0.45536249375000004 0.5564687484374999 0.42530076250000004 0.5475242640625 0.40652533281250003 0.5256356703125 0.3871421515625 0.5084412203124999 0.3852691078125 0.49534915625 0.3885548796875 0.4810684390625 0.41980763281250005
57 0.377202771875 0.118381653125 0.39483613906250004 0.0774675171875 0.39098453125 0.0638162625 0.3905783171875 0.0574677171875 0.359276271875 0.043009084375 0.356319696875 0.10850743125 0.377202771875 0.118381653125
29 0.3557534953125 1 0.355520340625 0.9989671031249999 0.3557886765625 0.9876461593749999 0.3534741875 0.985606190625 0.3513552625 0.9959313968749999 0.3521569953125 1 0.3557534953125 1
29 0.44464979062500004 0.9304549421875 0.43721485 0.9197568984375 0.4353291421875 0.9244181703125 0.4426061109375 0.9326473343749999 0.4404771703125 0.9366101406249999 0.4423102 0.9404343796875001 0.452992496875 0.9305166484375 0.44981791250000003 0.9274463015625001 0.44464979062500004 0.9304549421875
29 0.4964964625 0.9215719296874999 0.49177969062500004 0.9316345078125 0.4918448578125 0.945064703125 0.4998816375 0.94655105625 0.5065442765625 0.9420762015624999 0.4964964625 0.9215719296874999
29 0.5972413999999999 1 0.596872090625 0.991586515625 0.599846103125 0.979110484375 0.5960320875 0.9753555296875 0.5927195625 0.9825411046875001 0.59355603125 1 0.5972413999999999 1
29 0.65878731875 1 0.6565097734374999 0.995863496875 0.6538166484375 0.9910088796875 0.6451680125 0.9923718156250001 0.6463989812500001 1 0.6492363531249999 1 0.6516475796875 0.9974474921875001 0.6550152546875 0.9973297109375 0.6558243078125 1 0.65878731875 1
29 0.6319882734375 0.953949284375 0.636138328125 0.9474413875 0.6364793734374999 0.9403597359375 0.633934203125 0.931611596875 0.6263738734375 0.9251597734375 0.6230061984375 0.9252775546875001 0.6233095921875 0.9362250171875001 0.6272314359375 0.9385622578125 0.6291773046875 0.94414998125 0.6285930234375 0.9505331671875 0.6319882734375 0.953949284375
29 0.756552265625 0.8962163625 0.754874671875 0.9072331078125 0.7565873234375 0.9184847656249999 0.7604339234374999 0.9289548203125 0.768009275 0.9449502453124999 0.7718458578125 0.9490578984375 0.7742982859375 0.9408419453124999 0.7680017921875 0.9262157390624999 0.766509809375 0.915309846875 0.7633703421875 0.9065824921875001 0.7590698609375 0.9014306031249999 0.7615222875 0.8932146515625 0.7590097015625 0.891181609375 0.756552265625 0.8962163625
29 0.9232693203125001 0.5167506890625 0.928314528125 0.533541575 0.9325974499999999 0.5415219671875 0.9365017343750001 0.5466877109375 0.9403658953124999 0.5543292609375 0.9405264015625001 0.544426034375 0.947048628125 0.5346537984374999 0.94780343125 0.5247297875 0.945456359375 0.51597471875 0.9325975109375 0.5135965546875 0.9318377015625 0.5203393671875001 0.9330187499999999 0.5294887015625 0.93001969375 0.526058728125 0.9275823546874999 0.5158928734375 0.9232693203125001 0.5167506890625
29 0.8019328375000001 0.45736680312500005 0.8120809984375 0.45771885156250003 0.8017071625 0.453839834375 0.8019328375000001 0.45736680312500005
29 0.894733171875 0.48346055468750004 0.89226571875 0.48213290468750003 0.8903800125 0.4867941765625 0.88567078125 0.48766584999999996 0.887175315625 0.49256203593750003 0.8923258781250001 0.4923819015625 0.894733171875 0.48346055468750004
29 0.9132996515625 0.3081890296875 0.9162259953125 0.3073797109375 0.9133974640625 0.30040891406250003 0.9131442140624999 0.293348046875 0.91591759375 0.29325104999999996 0.9221263515624999 0.2940943625 0.9244885093749999 0.284467621875 0.922043625 0.283492671875 0.919653890625 0.289585515625 0.9150073531249999 0.28833407968749997 0.9127505515625 0.28098979687500003 0.91000975625 0.28780189218749996 0.9097815453125 0.296647028125 0.9132996515625 0.3081890296875
29 0.9207070171874999 0.3153531734375 0.9259428406250001 0.313402625 0.9311962234375001 0.308623571875 0.92307418125 0.308907634375 0.9182796921874999 0.3115497203125 0.9153909390624999 0.3222553359375 0.9207070171874999 0.3153531734375
29 0.2142430828125 0.032174603125 0.20838037968749998 0.0274308390625 0.19935811718750002 0.029160328125000003 0.1970812203125 0.0370166546875 0.2020386921875 0.04002465 0.20649968125 0.035273309375 0.211655253125 0.038274373437499995 0.213282640625 0.051296446875 0.21636194843749998 0.04977480625 0.2142430828125 0.032174603125
29 0.225574828125 0.029303882812499998 0.228754421875 0.0355554296875 0.231477659375 0.0315718390625 0.2286491265625 0.024601040625 0.22208429999999998 0.021295778125 0.22110396406250002 0.017795201562499998 0.21718129843749998 0.01793239375 0.21747034687500003 0.0267594375 0.209842315625 0.0192495265625 0.2086186046875 0.024948103125000003 0.217808859375 0.03204989375 0.225574828125 0.029303882812499998
29 0.5340152375 0.73220509375 0.5320166921875 0.7351028796875 0.533945 0.7435191078125001 0.532104428125 0.7488857734375001 0.5279217890625 0.7486785703125001 0.52314485625 0.7484921515625 0.521168878125 0.7517426359375 0.5207200046875 0.760242003125 0.5185233609375001 0.7631467187500001 0.5179842171875 0.7702353 0.5219411796875 0.7669155328125 0.5276960546875 0.7730770125 0.533526175 0.771105678125 0.5391306203124999 0.765607375 0.5447676484375 0.7668241703125 0.54832340625 0.7603370593750001 0.5414927781250001 0.7559806328125 0.53698418125 0.744473275 0.5340152375 0.73220509375
29 0.64500799375 0.778871753125 0.650697703125 0.7716030375 0.6572349546875 0.7713744015625 0.6536967546875 0.775033009375 0.65612408125 0.778836465625 0.6601036109375 0.7758693953125 0.6656328125 0.77850390625 0.66979288125 0.7783584109375 0.6690581734375 0.7730818140625 0.6627992734375 0.76835190625 0.6596823734374999 0.7599772484375 0.6551888015625 0.758013490625 0.650196209375 0.76066250625 0.64446136875 0.7672258265624999 0.64500799375 0.778871753125
29 0.641068528125 0.8072884265625 0.6308827765625 0.797040078125 0.6254262875000001 0.7986448578124999 0.6227707515625001 0.8036865390625 0.6241850171875 0.8071719390625001 0.628600871875 0.8017152062499999 0.6381020609375 0.810573553125 0.6430118625000001 0.8252482562499999 0.6461363046875 0.8244320109375 0.641068528125 0.8072884265625
29 0.6155418171875 0.6162381984375 0.6217656 0.6266251140625 0.6269387296875 0.6267976734375 0.6340802953125 0.63291065625 0.6412845546875 0.6369005265625 0.6405523796875 0.6192518265625 0.6268234203125 0.6094808828125 0.6155418171875 0.6162381984375
29 0.670259621875 0.627403484375 0.66694963125 0.6222169546874999 0.6570772875 0.6292784671875 0.6598556765625 0.6323626734375 0.664910959375 0.627590546875 0.6680178437500001 0.62960280625 0.6664882046875 0.6367260265625 0.6589654687500001 0.640170503125 0.6580075609375 0.6469202421875 0.6673984453124999 0.6416429984375001 0.670818796875 0.6330397062500001 0.670259621875 0.627403484375
29 0.5886059703125001 0.369032946875 0.5863266 0.36133596875 0.5810105234375 0.36823813437499997 0.5715820453125 0.3636190765625 0.5710429015625 0.37070765781250004 0.5809578453124999 0.37672364375 0.5886059703125001 0.369032946875
29 0.4689944453125 0.4265926609375 0.473279903125 0.42220094531249996 0.46896439531249995 0.4075054578125 0.4724774921875 0.4158662578125 0.47480453125000005 0.41189652499999996 0.4701153953125 0.3975675890625 0.470479009375 0.390838634375 0.46607069687499997 0.3871044625 0.46540115625 0.3952580625 0.46618600781249997 0.40442125312500005 0.46621859218750006 0.41113635000000004 0.46823716875 0.42096336562500003 0.46365332812500004 0.41758881875 0.460927615625 0.4060191046875 0.45860811874999996 0.400797934375 0.45562409062500003 0.4069115640625 0.4615093609375 0.412008025 0.45867829374999997 0.41740933125 0.46165478281250005 0.42048660781249997 0.4689944453125 0.4265926609375
29 0.17133985937500001 0.534565034375 0.1697249609375 0.54345866875 0.1663171578125 0.54605225625 0.168250475 0.5576496843750001 0.16603373593749998 0.575755009375 0.1711843 0.5755748734374999 0.1722300046875 0.5546826140625 0.17459970625000001 0.53586496875 0.17133985937500001 0.534565034375
29 0.4334602890625 0.1008607078125 0.43456114531249995 0.08703624531250001 0.428595621875 0.0868913984375 0.429656290625 0.10346815312499999 0.4334602890625 0.1008607078125