13 0.217683615625 0.563900415625 0.1749133484375 0.5912863078124999 0.19345945 0.6377593359375 0.232250096875 0.614107884375 0.23091862812500002 0.60912863125 0.2253612859375 0.593775934375 0.227770725 0.58921161875 0.225144003125 0.5813278015625001 0.217683615625 0.563900415625
42 0.1813609515625 0.6219917015624999 0.1701527109375 0.6215767640625 0.16961010468749999 0.6261410781250001 0.1817590015625 0.6269709546875 0.1873088 0.624066390625 0.18567343593750002 0.619502075 0.1813609515625 0.6219917015624999
6 0.22479665 0.5792531125 0.229579615625 0.585892115625 0.2269024953125 0.5929460578125 0.2321921546875 0.61078838125 0.24012272031249998 0.619502075 0.2494423984375 0.6186721984375 0.2580890984375 0.614937759375 0.2617141234375 0.6087136921875 0.26185867812499997 0.599170125 0.261402684375 0.59087136875 0.2665471875 0.5825726140625 0.26919533906250004 0.573858921875 0.268761071875 0.5668049796875 0.264463071875 0.5701244812499999 0.2571547828125 0.5614107890625 0.251554284375 0.5614107890625 0.2470824578125 0.554771784375 0.24187276875000002 0.5593361 0.2395792140625 0.5705394187499999 0.228074321875 0.57095435625 0.2247024953125 0.573858921875 0.22479665 0.5792531125
6 0.5884511453125 0.914107884375 0.57258306875 0.914107884375 0.57239505625 0.9211618250000001 0.5858029953125 0.9228215765625001 0.6069314593749999 0.9211618250000001 0.60457241875 0.9107883812500001 0.5884511453125 0.914107884375
6 0.6257217125000001 0.8568464734375001 0.6189056296875 0.8585062234375 0.612234403125 0.8684647296874999 0.616727959375 0.8763485484375 0.6298968859375 0.8643153531250001 0.6257217125000001 0.8568464734375001
6 0.581379465625 0.7763485484375 0.5663796203125 0.7726141078125 0.5649108390625 0.7775933609375001 0.5808585859375001 0.7821576765625 0.581379465625 0.7763485484375
39 0.6513998734374999 0.7593361 0.645235340625 0.7804979249999999 0.65121940625 0.7846473031250001 0.6554808921874999 0.7614107890625 0.6513998734374999 0.7593361
57 0.5741158328125 0.8414937765625 0.57564285625 0.8576763484375001 0.5662507515625 0.8543568468749999 0.5593839703125 0.8531120328125 0.557039715625 0.8614107890625 0.558689565625 0.8668049796874999 0.5582049 0.874688796875 0.5700136875 0.873858921875 0.5799121859375 0.87053941875 0.581345353125 0.899170125 0.6135809578125 0.90995850625 0.6227775078125 0.9020746890625 0.604926115625 0.8597510375 0.5993183734375 0.8593360999999999 0.5961418015625 0.855601659375 0.5818291171875 0.8377593359375 0.5741158328125 0.8414937765625
6 0.9224394546875001 0.85062240625 0.9172436515625 0.8203319499999999 0.9086838640625 0.82904564375 0.91107911875 0.8414937765625 0.9142846625000001 0.8468879671874999 0.9224394546875001 0.85062240625
6 0.563245003125 0.6821576765625 0.561964534375 0.6979253109375 0.5669572406250001 0.6987551875 0.5669931546875 0.6829875515625 0.563245003125 0.6821576765625
6 0.230739959375 0.7414937765625 0.24337382187499998 0.7522821578125 0.2464345109375 0.74937759375 0.2350017453125 0.736099584375 0.230739959375 0.7414937765625