8 0.806890678125 0.49115477656250006 0.7657454421875001 0.49426602500000005 0.7623317328125 0.49762641093750004 0.6502857328125 0.3265819734375 0.6387629625 0.32537001718749997 0.604568625 0.3457807578125 0.47826576093749995 0.5066335953125 0.398268746875 0.606421375 0.461730146875 0.7128447328124999 0.5373535 0.8124321390624999 0.55594628125 0.81844528125 0.7260219765625 0.5942321765624999 0.7793776671875 0.5244409578125 0.806890678125 0.49115477656250006
12 0.8007632171875001 0.4550065765625 0.7637529140625 0.43454546250000003 0.75204479375 0.43500466250000003 0.7381113859374999 0.4463881234375 0.735746815625 0.4562833390625 0.755678484375 0.486782709375 0.7779635468749999 0.49149354843750004 0.795608315625 0.48320549375 0.8007632171875001 0.4550065765625
12 0.7910718328125 0.329893303125 0.774010096875 0.326069978125 0.7604092265625 0.3253157125 0.751402584375 0.340260540625 0.7452860515624999 0.3954087625 0.7420699640625 0.4221209484375 0.7428225421875 0.43132962968750005 0.7507923187500001 0.434872928125 0.763001428125 0.434466421875 0.7768808703125 0.43727877187499997 0.8003603234375 0.344395484375 0.7910718328125 0.329893303125
12 0.73832371875 0.43761905937499995 0.740205290625 0.42293921250000005 0.747352971875 0.3790577578125 0.749501934375 0.3505426796875 0.744879628125 0.332811846875 0.7236987609375001 0.32956966875 0.7081130109375 0.33300233125 0.7049318078125 0.3411210015625 0.72110933125 0.39861409375 0.7244050234375 0.41688165625 0.7246756921874999 0.43043535000000005 0.725892190625 0.4400309578125 0.739057215625 0.44243003593749997 0.73832371875 0.43761905937499995
12 0.66691271875 0.3411797484375 0.666941884375 0.352341128125 0.7123362906249999 0.4274468484375 0.7239792640625 0.42529014062500003 0.72472965625 0.416239540625 0.7198658515624999 0.396116390625 0.702584134375 0.3371546359375 0.69605218125 0.3320719125 0.6801507906250001 0.3337807234375 0.66691271875 0.3411797484375
12 0.8284967140624999 0.3260526171875 0.83517148125 0.2841502046875 0.8311063171875 0.2705355390625 0.7660978171874999 0.26031669062499996 0.7505772125 0.265446859375 0.7430217625 0.31300486250000004 0.7517531109375 0.323390878125 0.8188767796875001 0.33281780625 0.8284967140624999 0.3260526171875
12 0.8341122593750001 0.2708517015625 0.8531501312499999 0.19745095937499998 0.8494185968749999 0.180828209375 0.841318528125 0.1738899 0.8293037625 0.17025928125 0.8183471265625 0.17079752343750002 0.808050940625 0.18594485 0.78850308125 0.26165886562499996 0.8341122593750001 0.2708517015625
12 0.7633502734375 0.2485312640625 0.7961462921875 0.1721818953125 0.79764816875 0.1632103328125 0.7907253421875 0.1479425796875 0.7768358140625 0.1383665546875 0.7603682890625 0.138325165625 0.7237687828125 0.21697953281250001 0.7222309265625 0.23541496562500003 0.726323075 0.2419317265625 0.733198740625 0.250770040625 0.7457425734375 0.2564850890625 0.7548064609375 0.2547333765625 0.7633502734375 0.2485312640625
12 0.6514329640625001 0.222558403125 0.6597925234375001 0.227157090625 0.669784246875 0.22617922968749998 0.7204507312499999 0.1669253390625 0.7249113921875 0.1518405 0.722525553125 0.13907872500000001 0.721531475 0.1274777265625 0.708680996875 0.1176728578125 0.6974828609375 0.11581878593749999 0.645387546875 0.1742461296875 0.63887576875 0.1826907546875 0.6381354625 0.19850502812499998 0.64320260625 0.21222508125 0.6514329640625001 0.222558403125
12 0.722139640625 0.32534811406249997 0.7333276875 0.3204385125 0.743336309375 0.3055990703125 0.7466445265625 0.2734864859375 0.69630864375 0.226940259375 0.6861686406249999 0.22925505 0.6748233156250001 0.2378675453125 0.6630803109375 0.2569202640625 0.668074409375 0.2804384203125 0.722139640625 0.32534811406249997
12 0.6072635484375 0.30548853125000003 0.6110591375000001 0.3146791453125 0.6307291328125 0.3292588546875 0.63983908125 0.3248069390625 0.65061036875 0.3259398546875 0.667730440625 0.3520859375 0.66691271875 0.3411797484375 0.67922295 0.333006871875 0.690253725 0.331800165625 0.6931473625 0.32398938125 0.6952052875 0.310004346875 0.6882734703125 0.29710255937499996 0.6373074 0.256238271875 0.6275661703125001 0.25724248125 0.6169172734374999 0.2710001859375 0.60847676875 0.28769521249999996 0.6072635484375 0.30548853125000003
12 0.4788130671875 0.4285829859375 0.4893079671875 0.44591710156250003 0.49866050937499995 0.45298714531249995 0.509273428125 0.4486933125 0.52238011875 0.42876963593750006 0.5624819328124999 0.3893686609375 0.5644937953125 0.3780838265625 0.562413509375 0.36028223125 0.5525218140625 0.34436408125 0.5373427390625001 0.3349905546875 0.51922724375 0.36351693749999997 0.4834849671875 0.3955994390625 0.48091596406250003 0.40276810625000004 0.4747568953125 0.41260235156249997 0.4788130671875 0.4285829859375
12 0.48119310625 0.16035759375 0.48638129531249996 0.2552417296875 0.4929143390625 0.26945409531250003 0.5309233437499999 0.2626316734375 0.5360052 0.24423086249999998 0.5301677390624999 0.15063095937499998 0.525361178125 0.1437009265625 0.5049508765625 0.1449354921875 0.48702753750000005 0.151165465625 0.48119310625 0.16035759375
12 0.380223271875 0.522357621875 0.3685151515625 0.5228168234374999 0.353783103125 0.5276918 0.3444327453125 0.5388810390625001 0.3413357671875 0.5530949203125 0.3438137375 0.56045629375 0.3521732921875 0.5650549812500001 0.3528920796875 0.601986821875 0.355474446875 0.6289707546875001 0.3600316078125 0.64500408125 0.36544137499999996 0.6533500796875 0.38090692187499997 0.65328608125 0.396798225 0.6448135984375 0.404414196875 0.6378376359375 0.40482087343749995 0.6250314453125 0.3977958328125 0.6084004171874999 0.389628434375 0.58150531875 0.392138009375 0.5428842515625 0.38435248906249997 0.52854015 0.380223271875 0.522357621875
12 0.283591371875 0.6190432328125001 0.26311701875 0.6277099374999999 0.2565221078125 0.6391889921875 0.2529230484375 0.6442205359375001 0.256116521875 0.661124825 0.2540675921875 0.6727438921875 0.2557659984375 0.6779944875 0.2612768890625 0.6785741187500001 0.2673550078125 0.6900335906249999 0.27649412500000004 0.69674305625 0.3371836875 0.66593196875 0.356839225 0.637229434375 0.354620746875 0.627528440625 0.3511487015625 0.60856606875 0.340756015625 0.5925952265625 0.324640109375 0.5848138140625 0.2990547328125 0.60071995 0.283591371875 0.6190432328125001
12 0.082076703125 0.5532148328125001 0.10161531718750001 0.5552698890625 0.11263490937500001 0.5381698671875 0.137199478125 0.44235753593749993 0.135286553125 0.42761671718749994 0.12251920937500001 0.41477741718749994 0.104965475 0.40853543124999997 0.09408298125 0.40840521093750004 0.08101226875 0.41886501562499995 0.0562342765625 0.5143167703125 0.056476870312500004 0.525838728125 0.054752571875 0.536815678125 0.0649868921875 0.5473597734375 0.082076703125 0.5532148328125001
45 0.2572318984375 0.6784868015625001 0.2685682265625 0.6722402734374999 0.2704318109375 0.6622923640625 0.267517996875 0.6565758015625 0.257545353125 0.6619513687499999 0.2540395171875 0.6707121546875 0.2572318984375 0.6784868015625001
45 0.492349884375 0.43676938906249996 0.49607023906250003 0.4374988234375 0.49301714375000005 0.43075322031249996 0.48862843749999996 0.4269103140625 0.4862908453125 0.4297076234375 0.492349884375 0.43676938906249996
45 0.7368820281249999 0.25183370781250003 0.7444980015625 0.24485774375 0.73857825 0.23882501875 0.733411075 0.24200097656250003 0.7368820281249999 0.25183370781250003
45 0.366733609375 0.520600659375 0.3617697734375 0.5173735203125001 0.35610161093750003 0.5204967859375 0.3570485296875 0.525668340625 0.366733609375 0.520600659375