12 0.439913178125 0.22882661875000002 0.43126639375 0.237800746875 0.428986709375 0.2521198234375 0.4346715625 0.269643153125 0.4502498640625 0.27535025156250004 0.544016553125 0.27981819531249996 0.554501046875 0.27369804375 0.5604980875 0.2647603875 0.562190709375 0.2550127625 0.5565784015624999 0.24379023437499997 0.54224676875 0.23524103125 0.4563301359375 0.22800307343749998 0.439913178125 0.22882661875000002
12 0.42964694843749995 0.2916056296875 0.43032584375000005 0.306916175 0.43871369375 0.31712263749999997 0.45698367187500005 0.322466734375 0.5585165515625 0.32481772656249996 0.568566409375 0.31864923125 0.5750247125 0.3061197203125 0.5741933921875 0.29542897031250004 0.5647113015625 0.283444815625 0.4492547953125 0.27623316249999996 0.4398492359375 0.2808173390625 0.42964694843749995 0.2916056296875
12 0.561829884375 0.3367781359375 0.5534839687499999 0.3262451421875 0.456507103125 0.322744921875 0.4395563375 0.3208595234375 0.4214427703125 0.3211631625 0.41317338281250005 0.3271985 0.4099252578125 0.3387602875 0.411080721875 0.3537926453125 0.4176727921875 0.36081859843749997 0.4485891171875 0.36723812499999997 0.5492107953125 0.3698189640625 0.557747084375 0.3651381 0.5639537906250001 0.35456778125 0.561829884375 0.3367781359375
12 0.45028572499999997 0.36775803125 0.41024206249999995 0.360323290625 0.39440084375 0.36352924999999997 0.3862958359375 0.3957473828125 0.3933225421875 0.40282168125 0.4059422625 0.40753731093749995 0.4257524375 0.407753578125 0.502194946875 0.42354244375 0.511291671875 0.41793032500000005 0.5185926171874999 0.40913769999999994 0.5200030296875 0.3947219359375 0.5142915515625 0.38083880468750003 0.45028572499999997 0.36775803125
12 0.39514893125 0.41262952343750003 0.38975425937499997 0.4203093921875 0.387851971875 0.431689678125 0.392636940625 0.4424889890625 0.40883291406250005 0.4502519703125 0.5172706875 0.4709243859375 0.524209540625 0.46838421874999997 0.5348883953125 0.457317740625 0.535681134375 0.44084609375 0.5299010953125001 0.43092969375 0.4257524375 0.407753578125 0.4071623015625 0.40833540625 0.39514893125 0.41262952343750003
12 0.5372945078125 0.479775525 0.44374482187500003 0.45645352499999997 0.43718336406249997 0.4560549015625 0.41972940156250005 0.458087890625 0.4105907453125 0.46402654062500004 0.4067249484375 0.4735324484375 0.4062523640625 0.48407816718749996 0.412718634375 0.49208371875 0.4213161484375 0.50065751875 0.527870290625 0.5085349609375001 0.5394796375 0.5108198359375 0.54421470625 0.501410615625 0.5438180203125 0.490768209375 0.5372945078125 0.479775525
12 0.5457096171875 0.5240982453125 0.539788475 0.511847775 0.420404946875 0.5008873640625 0.40655386406250005 0.502327503125 0.400133509375 0.5042629515625 0.395341203125 0.5106850374999999 0.392443846875 0.5229482328125 0.394537140625 0.5341105453125 0.40216621249999995 0.5399270578124999 0.41348202812499996 0.5444976578125 0.5322478859374999 0.5534021890624999 0.5400826375000001 0.5473185078125 0.5477190453125 0.5359136234374999 0.5457096171875 0.5240982453125
12 0.41252889374999996 0.545054034375 0.38406795312500003 0.5435443656250001 0.3704837734375 0.5463389765625 0.3665800265625 0.5664389453124999 0.3579598703125 0.5717728765625 0.3625198703125 0.5808911812499999 0.3778885078125 0.5882309421875 0.4994718390625 0.595792871875 0.5087935328125 0.591861759375 0.5144398031249999 0.5822226953125 0.51440520625 0.5653278312500001 0.5055674171875 0.5517593609375 0.41252889374999996 0.545054034375
7 0.50799680625 0.5980658734375 0.42042550156249997 0.589981478125 0.3919226265625 0.588798340625 0.3810873640625 0.59421708125 0.3723107953125 0.593903275 0.35988941875 0.5945088484375 0.35133782187499996 0.5958760468750001 0.3317373125 0.5940271203124999 0.327059484375 0.606423471875 0.332179915625 0.614610525 0.34977498281249997 0.61491160625 0.3627874078125 0.6200021109375 0.3766537953125 0.6218756375 0.3977718578125 0.6325044671875 0.4157176921875 0.63350695625 0.459082025 0.6356807109375 0.49933535156250003 0.6414827921875 0.5210937296875 0.6402597734375 0.5311016546875 0.634417809375 0.5276778296875 0.6267506640625 0.533915146875 0.622807678125 0.53514650625 0.616651909375 0.5276432328125 0.6098558 0.5278375921875 0.6049094734375 0.5227324640625 0.6000360875 0.50799680625 0.5980658734375
12 0.46344829687500005 0.687501803125 0.45713843593750003 0.6851439874999999 0.4489336265625 0.6769450609375001 0.35446875 0.6435853765624999 0.3441786140625 0.6447592 0.33386185 0.6495732234375 0.327430175 0.6584625359375 0.3210291125 0.67397918125 0.32415940781249997 0.683932053125 0.429013590625 0.7187785171875001 0.44222037187499996 0.7189226953125 0.44808029375 0.7179185 0.4569101125 0.7109519093750001 0.46293378125 0.69837405625 0.46344829687500005 0.687501803125
12 0.3168852796875 0.47281326406249996 0.318906028125 0.4776747765625 0.31422819999999996 0.49007113125 0.31650453125 0.50324098125 0.3088155 0.55968271875 0.30849534375 0.56560864375 0.31803068749999996 0.570312403125 0.3331590484375 0.5726574906249999 0.3551004640625 0.5734420078125 0.36467375468749996 0.5675517015625 0.377852646875 0.4958231609375 0.38213378750000004 0.47278440312500003 0.378427753125 0.460449115625 0.368541640625 0.455043953125 0.351365903125 0.45147754687499997 0.3337289046875 0.4515029984375 0.32610381875 0.45595401718749995 0.3224363640625 0.47078112812499995 0.3168852796875 0.47281326406249996
12 0.3474541875 0.45104245625 0.3671385640625 0.45223831875 0.3764183234375 0.4486337390625 0.38555634843750003 0.40493862968750005 0.3848242 0.39690848125 0.3938823421875 0.3641339703125 0.3896311796875 0.3560436046875 0.391564078125 0.3512906515625 0.36160088749999997 0.34431474687499997 0.3437389203125 0.3426591921875 0.3385732 0.36228759843749997 0.335504128125 0.36558939375 0.33644594375 0.37198688125 0.32935529531249996 0.41690330312499996 0.32789896406249996 0.42137806875 0.33000358125 0.42558651718749996 0.32727793906249997 0.4468111140625 0.3474541875 0.45104245625
12 0.3442001828125 0.3390673375 0.3650207296875 0.3417143609375 0.3875645125 0.34124109375 0.39447275625 0.33207359062499997 0.40084655937499997 0.2824406859375 0.4174572453125 0.23891435468750002 0.400235590625 0.22540695156249999 0.380619775 0.22024435625 0.3657163859375 0.219580271875 0.3590444359375 0.2234749140625 0.356448578125 0.2539874453125 0.35074506875 0.2606393765625 0.34780578125 0.27322910624999996 0.3486371015625 0.28391985468750003 0.34549213125 0.308409775 0.3442001828125 0.3390673375
57 0.416671840625 0.2381646015625 0.4230655671875 0.23986935312500002 0.42533392968749995 0.23250414218749998 0.42634032031249997 0.2246673671875 0.4164082890625 0.20932120312500002 0.39954138906250003 0.20678273906250003 0.393304071875 0.2107257265625 0.3937693203125 0.21740140000000002 0.3883440359375 0.2184539390625 0.38875204218750004 0.2221424828125 0.3986228484375 0.2242339796875 0.416671840625 0.2381646015625
45 0.43772994687500005 0.31105168125 0.443239096875 0.30934607812500003 0.45345668906250003 0.3018714546875 0.45325834531250003 0.2965502515625 0.44686461875 0.2948455 0.432861109375 0.3009054375 0.43772994687500005 0.31105168125
45 0.414759496875 0.33201166875 0.41672699375000005 0.34415357968750004 0.422209515625 0.3460881765625 0.41945661718749994 0.3331965125 0.414759496875 0.33201166875
45 0.40694131718750004 0.4169219328125 0.39880905 0.4150238078125 0.397985696875 0.42486811874999997 0.4009176484375 0.42949978906249997 0.4058244328125 0.4290519703125 0.40694131718750004 0.4169219328125
45 0.4160353203125 0.47655520156250003 0.42257015156250005 0.48059401875 0.427964825 0.4729141484375 0.42091149375 0.46948005000000004 0.4160353203125 0.47655520156250003
45 0.4007971 0.5162598296875001 0.4012776515625 0.526249175 0.406786803125 0.524543571875 0.4066570203125 0.5152556374999999 0.4007971 0.5162598296875001
57 0.655011409375 0.4590869046875 0.6497804828125 0.45519311562500003 0.6502610359375 0.4651824578125 0.6479394203125 0.479828065625 0.6529034421875 0.4823673828125 0.6607115671875 0.4799239 0.6610736578124999 0.47367144375 0.6649547609375001 0.467479203125 0.655011409375 0.4590869046875
57 0.6428110171875 0.451105953125 0.6602649781250001 0.4490729640625 0.669594009375 0.42792045625 0.6639663953125 0.413384259375 0.6597039109375 0.4122477578125 0.64599791875 0.42628950000000004 0.6428110171875 0.451105953125
57 0.6291763046875001 0.3959355765625 0.6322380390625 0.4098551796875 0.6427265171875 0.41400255937499997 0.6686329046874999 0.40794176875000004 0.6544956296875 0.394446240625 0.64542553125 0.3964181578125 0.6403051 0.3882311078125 0.6291763046875001 0.3959355765625
57 0.5536726984375 0.6680608015625 0.5609816109375 0.6798032359375 0.5884095359375 0.6927898796874999 0.558045675 0.6649040375 0.5536726984375 0.6680608015625
57 0.01600190625 0.5741435484374999 0.040272907812499995 0.5808175171875 0.0394721984375 0.5767540999999999 0.020291020312499998 0.5716398500000001 0.01600190625 0.5741435484374999
38 0.333834590625 0.6154569640625 0.341825753125 0.61502101875 0.3440102484375 0.6083088703125 0.3439490265625 0.59505420625 0.3318211796875 0.5933740546874999 0.3287674125 0.5999895125 0.32850449375 0.6089025734375 0.333834590625 0.6154569640625