35 0.48209227187500003 0.43765676718749996 0.4828562703125 0.4467649609375 0.502562096875 0.50853013125 0.5091222234375 0.5144506140625 0.5218896609375 0.517533271875 0.537051084375 0.5165631953125 0.550269284375 0.51190965 0.5553933078125 0.505443440625 0.5537647406249999 0.44451269375 0.5564967968750001 0.4346578140625 0.5508153796874999 0.42847007187499997 0.5390581234375 0.42286376875 0.524495703125 0.420960309375 0.5105866078125 0.422657696875 0.493928696875 0.42709090468750005 0.48209227187500003 0.43765676718749996
57 0.422834428125 0.42512518750000006 0.424742103125 0.42201193750000005 0.4286681203125 0.4212927921875 0.4333038125 0.423207465625 0.43741562968750003 0.4267063015625 0.4425751953125 0.42703680781250003 0.4452301046875 0.42591269374999996 0.447100215625 0.42344412968749995 0.4561857984375 0.4230554890625 0.4551776375 0.41813773593750003 0.454282165625 0.41128593437500005 0.45379787499999996 0.4047840171875 0.450545984375 0.40134026250000004 0.44635903906249996 0.399130790625 0.4454615484375 0.39972039062500003 0.4407695109375 0.39877274375 0.4351987640625 0.39809235468750004 0.43228292812499997 0.39628785 0.4345830015625 0.393846828125 0.42588981875 0.39490769375 0.42097239843749995 0.39782814843750003 0.41683977812500006 0.4020930515625 0.4136609953125 0.4048013328125 0.4086872296875 0.4086888109375 0.40408708281249994 0.41357085781249997 0.401787009375 0.41601187968750003 0.3970574078125 0.41570891562499995 0.395972096875 0.41952193437499996 0.39569036875 0.42435705781250005 0.397335096875 0.4257565921875 0.3966421859375 0.430241834375 0.39983773125 0.43465261406250005 0.40183729375 0.4373690578125 0.40120274843750003 0.43344587343749996 0.4034464765625 0.431971875 0.4086811703125 0.43101301562499994 0.41314984375 0.4283873609375 0.422834428125 0.42512518750000006
6 0.4154981828125 0.4547449171875 0.4199105125 0.4530862875 0.4139326234375 0.4371732125 0.40873549374999996 0.437487390625 0.41306865625 0.45200093125 0.4154981828125 0.4547449171875
6 0.41796527499999997 0.45684422031249994 0.4144128734375 0.4585579328125 0.4246903984375 0.4747464296875 0.42719505468749996 0.4762010484375 0.43078501718749995 0.4738426515625 0.42136742031249996 0.457709240625 0.41796527499999997 0.45684422031249994
6 0.431085528125 0.4686851859375 0.45647015 0.4774292296875 0.4566955328125 0.47356112968749997 0.4339282578125 0.46433765468750005 0.431085528125 0.4686851859375
6 0.4402401796875 0.48933138125 0.4384035921875 0.5060380656250001 0.445207884375 0.50776810625 0.44622210781250005 0.4903616546875 0.4402401796875 0.48933138125
6 0.4636460390625 0.48759523906249996 0.474228115625 0.48374346562500004 0.4719864078125 0.4777760640625 0.4604692765625 0.48286211874999996 0.4636460390625 0.48759523906249996
6 0.45436657656249996 0.5135315 0.4619891921875 0.530844109375 0.46972854062499997 0.53133986875 0.4596388328125 0.5119279546875 0.45436657656249996 0.5135315
6 0.47643225781250004 0.49035555468750003 0.4682045828125 0.49824067968749997 0.47321389218750004 0.50114991875 0.478636403125 0.496967640625 0.47643225781250004 0.49035555468750003
6 0.48031869374999997 0.497722490625 0.46424301874999996 0.49216310781250006 0.4640176375 0.4960312078125 0.48009331250000004 0.50159059375 0.48031869374999997 0.497722490625
6 0.45758494375 0.502737134375 0.48057760156249996 0.5080925109375001 0.4808405484375 0.5035797265624999 0.457847890625 0.4982243515625 0.45758494375 0.502737134375
6 0.45354421250000004 0.51283173125 0.45583156562499993 0.48838884687500006 0.4506344359375 0.48870302499999996 0.44842221406249994 0.51185654375 0.45354421250000004 0.51283173125
6 0.4244771359375 0.43396612343749996 0.4162159359375 0.4276131296875 0.409186259375 0.42975119062499995 0.422607025 0.4364346875 0.4244771359375 0.43396612343749996
6 0.4233207375 0.42418570468750005 0.41629106406250005 0.42632376406250005 0.42623455468750004 0.4334316078125 0.4313565546875 0.4344067984375 0.4323291734375 0.43252783125 0.4233207375 0.42418570468750005
6 0.44253561093749993 0.4351228921875 0.45464972187499997 0.43460470625000003 0.4531176875 0.4312711203125 0.44276099375 0.43125479375 0.44253561093749993 0.4351228921875
6 0.17002990625 0.356840609375 0.17126143124999998 0.3653316625 0.176496121875 0.36437280156249996 0.1760493984375 0.3572262 0.17002990625 0.356840609375
6 0.5566559062499999 0.950398421875 0.556952378125 0.96012375625 0.5620743781249999 0.96109894375 0.5627505265625 0.9494946421874999 0.5566559062499999 0.950398421875