7 0.5342970921875 0.31284741718750003 0.5562048234375 0.30299715312500003 0.57371558125 0.2845803984375 0.5794784468749999 0.2814466328125 0.595285084375 0.2740711734375 0.5954353484375 0.26567151718750004 0.5894550609375 0.25288651562500003 0.5791007687499999 0.2455632203125 0.5662221187500001 0.24919490781250003 0.56035141875 0.253252378125 0.5412555984375 0.24968444843749998 0.5176060484375 0.253117734375 0.4517962375 0.279854253125 0.4427312109375 0.28638073125 0.40459199687499997 0.300133221875 0.392281971875 0.30600653437499997 0.38080691093749997 0.3153962390625 0.3837154328125 0.33315661875 0.3928181546875 0.34408841562500003 0.4073961890625 0.3543496578125 0.44016143906250005 0.3475120671875 0.469349946875 0.3321943 0.487596075 0.3288157640625 0.5342970921875 0.31284741718750003
38 0.567862590625 0.249367540625 0.571748103125 0.2516465296875 0.580318146875 0.260028796875 0.587067996875 0.2697779421875 0.5869536765625 0.2778696953125 0.5951053609375 0.27561068125 0.59502523125 0.265628359375 0.5890449453125 0.2528433578125 0.5782445875 0.2457848078125 0.567862590625 0.249367540625
6 0.5150080515625 0.24692234218750003 0.5331233765625 0.2304393125 0.5252297921875 0.22337496406250001 0.507524584375 0.2399011546875 0.5150080515625 0.24692234218750003
6 0.502070490625 0.23683373125 0.506651921875 0.2189264890625 0.497219209375 0.21793385625 0.4932276171875 0.23434475 0.502070490625 0.23683373125
54 0.353581478125 0.68374694375 0.355215459375 0.6910876265625 0.367677503125 0.6945808328124999 0.377167378125 0.6915275875 0.3883336671875 0.688339071875 0.38876499999999997 0.6846442546875 0.40160770625 0.6813204671875 0.4076434015625 0.672293415625 0.3985978375 0.6573157421875 0.4004751921875 0.6519029875 0.3973951875 0.646280240625 0.378796103125 0.6455697421875 0.3748958625 0.6398606796874999 0.3663764921875 0.6346005828125 0.36136197187499997 0.6384364687499999 0.35788009062500004 0.6433686875 0.351734809375 0.6355532687500001 0.346217065625 0.6436997734375 0.3452318359375 0.6485830406249999 0.349967040625 0.65780849375 0.35381012031250003 0.667563434375 0.34774496718750003 0.6697303359375 0.33557872031249997 0.67437204375 0.33785321874999996 0.68333855 0.33046460781250003 0.6897297578125 0.3332782734375 0.6940777421875 0.3391996453125 0.6931424453125 0.3477319921875 0.6840664390625 0.353581478125 0.68374694375
12 0.48896860000000003 0.8220443859375001 0.48675126406249997 0.8090320015625 0.46828771874999997 0.7964917703125 0.44985362812499996 0.7908116890625 0.43189505625 0.7917270125 0.384849321875 0.8142044500000001 0.3758561859375 0.8201151250000001 0.37539714687500003 0.83471596875 0.37517499062500004 0.843731428125 0.3826944046875 0.850444715625 0.3977756625 0.8563953375000001 0.4139140390625 0.8568468906250001 0.425843403125 0.8577905687499999 0.48796215312499996 0.830665628125 0.48896860000000003 0.8220443859375001
45 0.40504819843749995 0.8403297078125 0.383880575 0.8402839656250001 0.3827156203125 0.8467067390624999 0.3921123890625 0.848007275 0.403473128125 0.846709325 0.4074517453125 0.844634534375 0.40504819843749995 0.8403297078125
6 0.4153134140625 0.9657718890625 0.42342915468750003 0.963820775 0.4194994578125 0.9512515625000001 0.4155780015625 0.9492804765624999 0.41275785000000004 0.95210054375 0.4153134140625 0.9657718890625
6 0.37376420625 0.9838407953124999 0.37518077031249997 0.9752627109375 0.35362424375 0.971435834375 0.3522288953125 0.9762759437499999 0.37376420625 0.9838407953124999
6 0.358815690625 0.7918287578125 0.38165324375 0.79890728125 0.3854945703125 0.7908960453125 0.3654559546875 0.78473543125 0.358815690625 0.7918287578125
6 0.42268975781250007 0.8350174484374999 0.427294159375 0.83113840625 0.40383730937499995 0.8186960828125001 0.39546995625000003 0.8228025062500001 0.4132423171875 0.8305947421875001 0.42268975781250007 0.8350174484374999
57 0.37417555625 0.923417375 0.3748290453125 0.910707096875 0.340933034375 0.9058933843749999 0.3376750609375 0.9195763203125 0.37417555625 0.923417375
6 0.340838178125 0.8924809874999999 0.365992659375 0.901050065625 0.3686183640625 0.8963394296875 0.3433772609375 0.8849560828125 0.340838178125 0.8924809874999999