42 0.5633619203125 0.13041405156250002 0.87153285 0.23476275000000002 0.8780049156249999 0.22718474843749997 0.5698339828125001 0.12283605156249999 0.5633619203125 0.13041405156250002
38 0.5499812515625 0.0265907828125 0.5577826 0.0421927796875 0.5756839734375 0.045451375 0.5914695234375 0.039026132812499996 0.5505638734375 0.0165936296875 0.5499812515625 0.0265907828125
57 0.6982808484375 0.37924596093749996 0.74189569375 0.355191696875 0.718512715625 0.3425159390625 0.70203070625 0.349394403125 0.70915978125 0.261559353125 0.6822017312499999 0.27573600468750004 0.6777128421875 0.3642574578125 0.6982808484375 0.37924596093749996
6 0.7117045125 0.2983754171875 0.7079519671875001 0.33977033749999996 0.7219658875 0.3407496875 0.7117045125 0.2983754171875
29 0.58041225625 0.424209528125 0.5637290171875 0.4230436328125 0.5583294296875 0.435213625 0.5691205421875 0.44550373125 0.5652940375 0.4306814046875 0.5767842984375 0.42897492656249997 0.6040784859375 0.466516796875 0.618063275 0.4679960046875 0.6217494984374999 0.46223089218749996 0.58041225625 0.424209528125
33 0.48464444375 0.6303197296875 0.51200495625 0.6322317953125001 0.5286353078125 0.6113106796875 0.527915090625 0.58917703125 0.4803890328125 0.5883651796875 0.4664306890625 0.597929478125 0.470662340625 0.61729715625 0.47733563593749995 0.617763515625 0.48464444375 0.6303197296875
58 0.29644449375000004 0.5484081234375 0.28153019375 0.5513809968750001 0.28184795 0.5574259265625 0.3203809640625 0.5515865828125001 0.34400774218749997 0.5140900265624999 0.356141575 0.48984331093750005 0.3834729578125 0.4922552359375 0.3903793015625 0.4887227328125 0.4360145203125 0.5104819703125 0.42357636875000004 0.470966940625 0.386611059375 0.4729006921875 0.36821983125 0.45505294999999996 0.327012121875 0.4837924765625 0.2812733875 0.532792990625 0.29644449375000004 0.5484081234375
57 0.1589432109375 0.4243672390625 0.1379938140625 0.42742024843750004 0.12339995625 0.42489469062499996 0.1094097921875 0.44650220625000003 0.12133164375000001 0.4603845875 0.1477362015625 0.45570523281249997 0.184555853125 0.45627076874999994 0.16601897031249999 0.44092231406250004 0.1698799765625 0.4321580546875 0.1589432109375 0.4243672390625
6 0.213637365625 0.5436250046875 0.163407484375 0.56621319375 0.175851009375 0.5826414984375 0.22509580312500002 0.55396174375 0.213637365625 0.5436250046875
29 0.3265554859375 0.8250481625000001 0.33613114843749997 0.821702203125 0.3421398015625 0.8105785593749999 0.32870850625000003 0.7996020546875 0.3112705421875 0.7998890984375 0.3059054609375 0.78847250625 0.29212459062499996 0.78349429375 0.2778193578125 0.7875135203125 0.274191396875 0.7922789171875 0.26644293750000003 0.79876393125 0.2864628234375 0.80016300625 0.2951354203125 0.812312634375 0.3057835625 0.8135586640625 0.3265554859375 0.8250481625000001
57 0.7435741250000001 0.498850540625 0.7208266562500001 0.49826463906249996 0.7005445875 0.5013642875000001 0.687110603125 0.5019311453124999 0.6888768562500001 0.5176132765625 0.6995541281250001 0.5183594484375 0.7074164265625 0.5214183671875 0.7092754484375 0.5125142 0.7267134093750001 0.51222715625 0.7442678984375 0.50994068125 0.7435741250000001 0.498850540625
6 0.7130001499999999 0.09218772187499999 0.7081222375 0.1069036390625 0.739833615625 0.11464059062500001 0.7459296625 0.10201737500000001 0.7130001499999999 0.09218772187499999
57 0.574563125 0.24863992656249997 0.5694257203124999 0.2563111984375 0.6338891328125 0.2884203140625 0.638126159375 0.284701265625 0.6292205140625 0.2765504984375 0.574563125 0.24863992656249997
57 0.10601090625000001 0.8382435234375001 0.10261330937499999 0.8505534234375001 0.11697411875 0.85707784375 0.11781892187500001 0.8425819718750001 0.10601090625000001 0.8382435234375001