42 0.876756753125 0.164493890625 0.5500789234375 0.08996396250000001 0.5439262031250001 0.09851164531249999 0.8706040328125001 0.17304157343749998 0.876756753125 0.164493890625
38 0.5270639625 0 0.53175513125 0.0077952890624999995 0.5505284203125 0.009223206250000001 0.5664089296875 0.0008567687500000001 0.5644019015625 0 0.5270639625 0
57 0.6775183640625 0.2360286765625 0.6792854187499999 0.3281498140625 0.7016701359375 0.3414302265625 0.7450906671874999 0.3117909921875 0.7199586140625 0.3012105125 0.7033897546875 0.3101217875 0.7044064 0.2184242859375 0.6775183640625 0.2360286765625
6 0.7088238265625 0.2995159625 0.7234064203125 0.29900693437500003 0.7097096546875 0.25625807031250003 0.7088238265625 0.2995159625
29 0.6250356125 0.44201696718749994 0.6284349375 0.43564862812499994 0.58287413125 0.40078251875 0.5655139 0.4013885046875 0.560804540625 0.41457306406249994 0.5727246390625 0.42405230625 0.56768803125 0.40912471562499997 0.5794626859374999 0.4061096671875 0.6104469609375001 0.4420054015625 0.6250356125 0.44201696718749994
33 0.48322003437500005 0.61258385625 0.49016412656249997 0.612341459375 0.49864247968750003 0.624544875 0.52711325625 0.6235510578125 0.542818021875 0.60008735625 0.5404681484375 0.5772538796875 0.49119539687499997 0.58157785625 0.4774344765625 0.5929951484375 0.48322003437500005 0.61258385625
58 0.324792765625 0.4899955171875 0.28098083125 0.5456887578125 0.2978223953125 0.5602042765624999 0.282593875 0.56490230625 0.28336100625 0.5711252109375 0.32283930625 0.5608934421875 0.344587709375 0.51951134375 0.3553952484375 0.49309374375 0.3838720875 0.492620521875 0.39076769843750003 0.48821336562499995 0.439600565625 0.5057786296875 0.42385693281250003 0.46622605625 0.38571896875 0.472244584375 0.36538111875 0.45576788125 0.324792765625 0.4899955171875
57 0.154975134375 0.4631124375 0.1583380984375 0.453620521875 0.1464483 0.4467442609375 0.12497615625 0.45218104062500003 0.10968097343750001 0.451152521875 0.0967599046875 0.4750398640625 0.11011124218749999 0.4881147921875 0.1371144203125 0.4804017140625 0.175282684375 0.4769861625 0.154975134375 0.4631124375
6 0.1754270796875 0.6087452640625 0.22434228437499998 0.5737061609375 0.2117277765625 0.564251159375 0.16135103125 0.593091596875 0.1754270796875 0.6087452640625
29 0.3155926203125 0.8335283984374999 0.3267092265625 0.8336611640625 0.34905152500000003 0.8432974078125 0.358724771875 0.8387932921875001 0.3641406609375 0.826625684375 0.349436865625 0.8167228062499999 0.3314004078125 0.8189148171875 0.325017403125 0.807679875 0.310386328125 0.804024140625 0.2958643359375 0.809739121875 0.2924528921875 0.8150662734375 0.284899234375 0.8226212421874999 0.30573150937500004 0.8218940578125 0.3155926203125 0.8335283984374999
57 0.740749928125 0.47599668125 0.758762146875 0.4717222859375 0.7572400046875 0.46031766875 0.7336422140625001 0.46218300156250003 0.712864478125 0.4675955421875 0.698994475 0.46964211875000006 0.7019599765625 0.4856836140625 0.713070521875 0.48529578281249997 0.7214337359375 0.4876078875 0.7227134687500001 0.47818869375000006 0.740749928125 0.47599668125
6 0.725522040625 0.0630075671875 0.7309197515625 0.0492781734375 0.696108390625 0.042681215625000005 0.6921237390625 0.058444510937500006 0.725522040625 0.0630075671875
57 0.6325272109375 0.2500985296875 0.6227145796875 0.24262895312500002 0.5640933234375 0.21967648906249998 0.5593294203125 0.228175690625 0.6284092390625 0.254408728125 0.6325272109375 0.2500985296875
57 0.13434826875 0.89922700625 0.13417252500000001 0.8841297406249999 0.12163073906249999 0.8809218828125 0.1190046046875 0.8940337250000001 0.13434826875 0.89922700625