11 0.277825546875 0.6906544203125 0.292687915625 0.68729573125 0.3054192265625 0.6840062453125 0.3165733625 0.68308131875 0.331666884375 0.6845293734375 0.3298585609375 0.6820871875 0.316686765625 0.6623826015625001 0.29406612499999996 0.6237278515625 0.2861873578125 0.6189818875 0.2707160375 0.6171709640625 0.2573098125 0.6191068671875 0.244160359375 0.622347409375 0.2330356578125 0.6296487 0.224999334375 0.636036903125 0.23357536250000002 0.665081578125 0.24412489218750003 0.7051912140625001 0.243156671875 0.7127253875 0.25209525 0.7026190406249999 0.2671446140625 0.6945025499999999 0.277825546875 0.6906544203125
11 0.17279373125 0 0.1814008375 0.0274181765625 0.1885534375 0.0378147703125 0.1965532296875 0.0416189625 0.21035197499999997 0.043234109375 0.22530975 0.0424357546875 0.233628471875 0.0338500828125 0.23118313750000002 0 0.17279373125 0
35 0.47758657343750005 0.5993239609375001 0.557334828125 0.619492484375 0.56328424375 0.622738034375 0.5691786015625 0.6231093249999999 0.5799805625000001 0.6183194234375 0.58624890625 0.6091751109375 0.59022481875 0.601355696875 0.5936064984375 0.5915548515625 0.5946554046875 0.5833928312500001 0.5952054812500001 0.5758097140625 0.594123328125 0.567716896875 0.591786740625 0.5594772484375 0.58723840625 0.5519346515625 0.5829615640625 0.54888488125 0.577646721875 0.5473068375000001 0.5750975171875 0.5473270968749999 0.573263571875 0.5483870171875 0.5682458453125 0.5477996921875 0.45696834218750004 0.5417848328125 0.4522073890625 0.5425021453125 0.4452346921875 0.5439165109374999 0.43825108593750006 0.5520211640625 0.43527283125 0.558682771875 0.4333069515625 0.5673747515625001 0.43363350624999997 0.5747418328125 0.435672975 0.5819907671875 0.438534015625 0.5861494046875 0.44042302187500004 0.5879637437499999 0.4429318859375 0.58825740625 0.4463724390625 0.5912092921875 0.44997436406249997 0.5929054828125 0.47758657343750005 0.5993239609375001
42 0.2627025890625 0.6828299999999999 0.2588329859375 0.686519459375 0.2637994640625 0.6941109984375 0.27568739062500003 0.7072923875 0.30468649999999997 0.7425513421875001 0.3178839203125 0.7587538203124999 0.3494104203125 0.8073730906250001 0.35430711718749996 0.8089021890625 0.35952655624999996 0.8079198984374999 0.3403355640625 0.7789073234375 0.31770401875 0.746942859375 0.2805949953125 0.7021311953125 0.2627025890625 0.6828299999999999
42 0.194508425 0 0.19140685156249998 0.0222164640625 0.1963989515625 0.0263058953125 0.20023255 0 0.194508425 0
41 0.2422178875 0.726635928125 0.24603624218750003 0.7299506796874999 0.2506908859375 0.733363321875 0.255561959375 0.7383945265625 0.265208703125 0.7458966015625 0.2785636828125 0.7509649125 0.2941156875 0.7521479875 0.308317859375 0.7506238953125 0.3197543953125 0.7475015046875 0.32926158125 0.74287869375 0.3385926796875 0.7363234000000001 0.34486102343749997 0.727179084375 0.34778421718749997 0.7176432203124999 0.3469037734375 0.7079807859375 0.3494638859375 0.701270234375 0.3478425578125 0.694070246875 0.3462762921875 0.6897445171875 0.34032687500000003 0.6864989687499999 0.33128908125 0.68416650625 0.315656390625 0.6836112796875 0.30362562187500003 0.6847522406250001 0.29055685468750003 0.687364934375 0.2787425203125 0.6901244609375 0.269356359375 0.6938054984375001 0.2568011390625 0.6990274703125 0.2483466734375 0.7053667296875 0.24349413125 0.7134021796875001 0.24067724531249998 0.718808090625 0.2422178875 0.726635928125
8 0.47309986249999997 0.54176115625 0.5555805046875 0.5472731468750001 0.604928034375 0.5001540578125 0.65503116875 0.4537607046875 0.672343528125 0.43794294687499996 0.6827638765625 0.42291170625 0.5261753109375 0.3335249046875 0.500562228125 0.33466928125 0.409573121875 0.40527370312500005 0.39271924999999996 0.42082648125000005 0.37783506875 0.43756575 0.36450243437499996 0.455442565625 0.3605265203125 0.4632619796875 0.35721080625 0.46924679375 0.360695515625 0.481763228125 0.38731387968750003 0.49921798749999996 0.41232563750000006 0.5126609390625 0.44014337187499997 0.527388271875 0.45877285 0.5343485484375 0.47309986249999997 0.54176115625
8 0.137708265625 0.25842062499999996 0.20924685625 0.220271928125 0.22351499375 0.21493180625 0.22328384531249998 0.210125059375 0.21166740781249999 0.2014364953125 0.2083478828125 0.19754283749999998 0.17011689375 0.181277984375 0.12790618125 0.162954075 0.1133371125 0.15742500937499998 0.10413794999999999 0.15634824375 0.047611129687499996 0.123921434375 0.0420717875 0.1207876125 0.01653555625 0.31949678125 0.0401826046875 0.3072293046875 0.137708265625 0.25842062499999996
34 0.26543896562499997 0.1892490046875 0.275921996875 0.19684896875 0.292985209375 0.1994835140625 0.31915599375000003 0.2105129625 0.43182695625 0.19247383125 0.41568781093749996 0.1727405640625 0.395558034375 0.1576385265625 0.3805413875 0.14568414999999998 0.36254648437500003 0.14039137968749998 0.3504459375 0.135469903125 0.2973122375 0.122877665625 0.2796918546875 0.1443949953125 0.25887297343750004 0.161076896875 0.24326971875 0.1668980375 0.2437979859375 0.1726954984375 0.2510972359375 0.17864821250000001 0.2605237359375 0.17465325468749998 0.27059953124999997 0.17551398125 0.26543896562499997 0.1892490046875
27 0.34859009375 0.3943118671875 0.3487258375 0.396558278125 0.3493604125 0.398225784375 0.35630748749999996 0.40031352656249997 0.35757663906250003 0.40364854218749996 0.3608961625 0.40754219843749995 0.3616555796875 0.41814640625 0.362829325 0.418921084375 0.37665369531250004 0.41703412812499996 0.37777238125 0.414934546875 0.38660465 0.4089581546875 0.394479603125 0.4038256484375 0.39267128125 0.4013834625 0.38755815312499997 0.39823580000000003 0.384535740625 0.3953328578125 0.3792612421875 0.3934408921875 0.3771961484375 0.389694065625 0.37634514218750004 0.38640799531250003 0.37879894531249997 0.38382740000000004 0.3799983140625 0.381099971875 0.3770565890625 0.37756918281249996 0.367776740625 0.3771202640625 0.3560616203125 0.3923185984375 0.3509632078125 0.39235911875 0.34859009375 0.3943118671875
57 0.07998083593750001 0.644872765625 0.0700407859375 0.6462584453125 0.07720810624999999 0.659843221875 0.0949827625 0.65363895625 0.1267431625 0.6442920359375 0.1574655609375 0.6364168484375 0.14975907187499998 0.6237248984375 0.1368260484375 0.6285840031250001 0.0971759796875 0.6398752484375 0.07998083593750001 0.644872765625
6 0.306886984375 0.2234159421875 0.2740297125 0.2214818625 0.27664869687500004 0.22752404375 0.307077790625 0.22853661249999999 0.306886984375 0.2234159421875