13 0.22474645781249997 0.3837756 0.18484952968749999 0.35813131249999997 0.164370340625 0.4062173859375 0.20832859843749998 0.43585864374999994 0.21653580312499998 0.4178386515625 0.21946795 0.4096685703125 0.21706501406249998 0.404843025 0.22323628437499998 0.3889436109375 0.22474645781249997 0.3837756
42 0.17628241875 0.37701011875 0.178099575 0.37228285781250003 0.17237985312499998 0.369114459375 0.1596842984375 0.369685984375 0.1601395 0.3744661671875 0.1718435484375 0.3743051515625 0.17628241875 0.37701011875
6 0.24279473281250002 0.379426353125 0.2330913421875 0.37833316875 0.22460533593749998 0.3872410984375 0.21865284375 0.4057472015625 0.22127456093750003 0.4131794328125 0.21612298124999998 0.41999702968749997 0.2158936578125 0.4256284671875 0.2193410203125 0.4287439453125 0.2313344109375 0.42945686250000004 0.233455103125 0.441213409375 0.23877963906250002 0.44610699687500005 0.2436065984375 0.4392818390625 0.24944980156250002 0.439417925 0.2572865640625 0.430494871875 0.2616901546875 0.43406621718749994 0.2623146609375 0.4267095875 0.25976350625 0.41754460625 0.25459773124999996 0.40875233125 0.255275159375 0.4000961390625 0.2553562640625 0.390125265625 0.25172539843749997 0.383536728125 0.24279473281250002 0.379426353125
6 0.6204137109375 0.0829676109375 0.623127075 0.07219084375 0.6011233109375 0.06994399375 0.5870939875000001 0.071351653125 0.5871187234375 0.07872340156249999 0.6036744671875 0.0791089765625 0.6204137109375 0.0829676109375
6 0.6322590859375 0.1192321515625 0.62737920625 0.127356871875 0.6340975328125 0.13791969843750002 0.641168665625 0.1398187765625 0.6457062812500001 0.1321196828125 0.6322590859375 0.1192321515625
6 0.592546275 0.2167340984375 0.5757964890625 0.2211135890625 0.5772079171875 0.226349640625 0.59294855625 0.222813846875 0.592546275 0.2167340984375
39 0.6698982640625 0.24021550625 0.66601678125 0.21584359687500002 0.659672553125 0.220031828125 0.6655899703125 0.24228315937499997 0.6698982640625 0.24021550625
57 0.6391959859375 0.09251060625 0.6297924796875 0.0840532328125 0.5958977234375 0.094537403125 0.5937066765625 0.12440466562500001 0.5834598828125 0.1206972359375 0.5711595109375 0.11954356875000001 0.5714735906249999 0.1277892546875 0.5696211546875001 0.133382890625 0.571865328125 0.142107125 0.5790599421875 0.1409738875 0.5889397375 0.1377351953125 0.586953275 0.1545992703125 0.594910071875 0.158686965625 0.610276615625 0.1404001125 0.6136816015625 0.136577025 0.6195424453125 0.1362799234375 0.6391959859375 0.09251060625
6 0.93851935 0.16278705 0.9357177828125 0.17572975468750002 0.944436765625 0.18503838125 0.9505938421875 0.15352909374999998 0.941994896875 0.1572312140625 0.93851935 0.16278705
6 0.575669971875 0.3199710796875 0.5760156796875 0.3035023921875 0.5707864421875 0.304247803125 0.5717392218749999 0.32074673125 0.575669971875 0.3199710796875
6 0.23058194687500003 0.256433575 0.24283284218749998 0.242843740625 0.2397101 0.23973582499999999 0.2262665578125 0.2506962921875 0.23058194687500003 0.256433575