7 0.7256976640625 0.5836725406250001 0.7289801437500001 0.589409425 0.7367580703125001 0.6051661937499999 0.745198628125 0.605169871875 0.7579006875000001 0.59893523125 0.765014440625 0.5884003890625 0.7610654203125 0.5755206625 0.7568526046875 0.5696916046875 0.75998985625 0.5504371406249999 0.7559882421874999 0.5267288531250001 0.7275937484375 0.46105700625 0.720826234375 0.45206086718750005 0.7061206421875 0.41397104531249995 0.6999333140624999 0.4017021265625 0.6902334734375 0.3903340546875 0.6724620578125 0.39356875625 0.6616944703125001 0.40290903125 0.6517284640625001 0.4177403984375 0.6593627078125001 0.450550521875 0.6754312312499999 0.4796171546875 0.6792514921875 0.49789580000000005 0.696383021875 0.544551621875 0.70678944375 0.566396765625 0.7256976640625 0.5836725406250001
38 0.7505129484374999 0.5898776421874999 0.74087825625 0.5968324625 0.7327478109375 0.5968595109375 0.7352075078125 0.6050125734375 0.7452323875 0.6047569328125 0.757934446875 0.5985222921875 0.764771846875 0.5875437890625 0.7609303828125 0.5771724140625001 0.7587321140625 0.58111745 0.7505129484374999 0.5898776421874999
6 0.7860416796874999 0.533869203125 0.7690278937499999 0.516364834375 0.7621504546875 0.5240091109375 0.7791304828125 0.5419264171875 0.7860416796874999 0.533869203125
6 0.7908519734375 0.5056222765625 0.7742746953124999 0.50189848125 0.7719814234375 0.5108294953125 0.790075509375 0.5151198499999999 0.7908519734375 0.5056222765625
54 0.3090540890625 0.3837901765625 0.3123428453125 0.393274228125 0.3158066796875 0.4044407546875 0.3195280296875 0.40480944374999994 0.32316693750000003 0.41765844531249996 0.3323753140625 0.423566153125 0.347208121875 0.41421235312500004 0.3526888703125 0.41600420156249995 0.3582646203125 0.41281007187499996 0.358543340625 0.394104965625 0.3641866046875 0.39008495625 0.3692708890625 0.3814304609375 0.3653006640625 0.3764580046875 0.36026506875000003 0.373045128125 0.3679715640625 0.3667318375 0.35965976718750003 0.3613292421875 0.354731725 0.36042471875 0.3455759421875 0.365345571875 0.335867453125 0.3693791015625 0.33354907031250003 0.3633214546875 0.3286021953125 0.35117543125 0.31964896875000004 0.3536186578125 0.313056528125 0.34630499375 0.308754990625 0.34920908281249996 0.309832921875 0.3551438359375 0.31914885625 0.3635598953125 0.3196065625 0.3694331984375 0.31227141875000003 0.3712041703125 0.3090540890625 0.3837901765625
12 0.20904232500000003 0.48669418750000004 0.21431660468749997 0.46806772968750004 0.2129772453125 0.450034878125 0.1892995921875 0.4031467859375 0.1831523015625 0.39421209375 0.16847573437500002 0.394006871875 0.15941495156250002 0.393941746875 0.152847625 0.401616746875 0.14722319374999998 0.41687825156249997 0.1471470296875 0.43310572968749994 0.14647812031250002 0.44511165625000004 0.1751764484375 0.5070670625 0.18385959999999998 0.5079273390625 0.19687805 0.5054705890625 0.20904232500000003 0.48669418750000004
45 0.15660273593750001 0.4015725 0.1555161578125 0.4110393484375 0.15708555625 0.42243446718750005 0.159262621875 0.4263967046875 0.1635304015625 0.4239055515625 0.163081340625 0.4026306453125 0.15660273593750001 0.4015725
6 0.05245277499999999 0.440375271875 0.05434093125 0.4363995125 0.051442362500000005 0.4336146421875 0.037769929687499995 0.43642288437500004 0.0399195140625 0.444545221875 0.05245277499999999 0.440375271875
6 0.0306381640625 0.37452275625000003 0.02574388125 0.3732052921875 0.018648965625 0.394981634375 0.02729835625 0.396254846875 0.0306381640625 0.37452275625000003
6 0.2127268296875 0.4033864109375 0.21844626093750003 0.383138925 0.211166078125 0.3765896890625 0.20459010625000001 0.39966629062500003 0.2127268296875 0.4033864109375
6 0.1852320015625 0.42230907812499996 0.180911628125 0.4139716703125 0.17350031875 0.4319701203125 0.16927885625 0.441542665625 0.1732828390625 0.4461021828125 0.1852320015625 0.42230907812499996
57 0.096175559375 0.360617975 0.08235553281249999 0.3575836375 0.07935095 0.394335115625 0.092133084375 0.39476893281250003 0.096175559375 0.360617975
6 0.1064194640625 0.38827497499999997 0.117263215625 0.36270721875 0.1096454375 0.3602873640625 0.10162645937499999 0.385718696875 0.1064194640625 0.38827497499999997