30 0.5094795875 0.526697890625 0.5215173140625 0.518958678125 0.5241368093750001 0.5111932859375 0.51943826875 0.5000846578125 0.5063981125 0.49806912031249995 0.49398148906249995 0.49804905 0.4880438609375 0.49388615468749997 0.47382378125 0.494641228125 0.36930910156249996 0.46916895 0.3589485265625 0.473546590625 0.343155525 0.48410704375 0.3103445359375 0.4973796328125 0.3000360765625 0.5049791781249999 0.2923471125 0.504813328125 0.268976425 0.51425471875 0.2645835203125 0.5298745406250001 0.2618748171875 0.5347357671874999 0.2608963015625 0.557791021875 0.2990753453125 0.58657515 0.2981038796875 0.602233378125 0.30197840625 0.6093955890625 0.323627796875 0.6110305328125001 0.3911203640625 0.5904717609375 0.4077153078125 0.5877151078125 0.4269297484375 0.577193059375 0.43467082812499996 0.5805808125 0.448690421875 0.5778747890625 0.46028303125000003 0.573948440625 0.4692552265625 0.5594537953125001 0.48903310937500005 0.53676864375 0.5028151249999999 0.5324294109375 0.5094795875 0.526697890625
38 0.4682950984375 0.5053168984374999 0.4710789078125 0.5181538859375 0.47778138437499995 0.53043831875 0.4918681140625 0.53449384375 0.503201075 0.5327916671875 0.5074385578125 0.525839821875 0.5219403578125 0.519003196875 0.5258660765625 0.51105361875 0.518243325 0.4993156265625 0.508587515625 0.49765623281250004 0.494515809375 0.4971403515625 0.4901961703125 0.49379100625000005 0.472480465625 0.49514315 0.4682950984375 0.5053168984374999
19 0.5906919562499999 0.74077335625 0.5679527703125 0.76314688125 0.5812976390625 0.7735571765625 0.6075713875 0.7869362265625 0.6313589875 0.803270071875 0.6611142578125 0.8308461015624999 0.697408615625 0.868437875 0.722256890625 0.8720176578125001 0.7515210625 0.8744539281250001 0.750987659375 0.89369631875 0.78973811875 0.921254009375 0.8143929562500001 0.91548581875 0.8582180921875 0.9069103437500001 0.9108308796875001 0.9037626078125 0.9324131375 0.8986360046874999 0.951573625 0.888576121875 0.9732293109375 0.7030730171874999 0.9635448140625 0.6979910421875 0.95019289375 0.6949777703125 0.9412347999999999 0.6946783671875 0.9216935718749999 0.7006630375 0.9098925046874999 0.69170176875 0.8882872562499999 0.682352059375 0.8685596437499999 0.67159173125 0.8451659640625 0.6665568093750001 0.8071662546875 0.6619147046875 0.765670921875 0.6578696703125 0.7182830250000001 0.66028066875 0.701539709375 0.664308278125 0.6739094671875 0.684558890625 0.658369065625 0.7002921984375 0.635458515625 0.7094603671875 0.5906919562499999 0.74077335625
2 0.7261157546875 0.567507103125 0.72057205 0.57464313125 0.7297235796875 0.5842905078125 0.7430013140625 0.5879392578125 0.74984419375 0.58801606875 0.75262708125 0.5825193640624999 0.7532947531249999 0.5768000703125 0.745019353125 0.574321015625 0.74326004375 0.5673813953125 0.7360312140625 0.5669423265625 0.7261157546875 0.567507103125
57 0.8343228640625 0.520998490625 0.8232936937499999 0.5127617359375 0.808940265625 0.51832740625 0.8225227140625 0.5303709140625 0.8343228640625 0.520998490625
7 0.9272988874999999 0.5902864046875 0.8984206671875 0.5882123906250001 0.8747823578125 0.5889412828125 0.8467060796875 0.5946710671875 0.8131823546874999 0.603044021875 0.7953182796875 0.605667121875 0.7860113281250001 0.6046877234375 0.748538890625 0.6065339453124999 0.71998040625 0.6163943328125 0.7190380609375 0.62079815625 0.7047658703125 0.618331325 0.7052931421874999 0.6248196515625 0.7082253234375 0.6363856859375 0.7252212390625 0.6375309312499999 0.7349962984375 0.6491737765625001 0.7659826875 0.6588674046875 0.8039894453124999 0.656112484375 0.8248298437500001 0.6573406546875 0.87466679375 0.6522925984375 0.9059790453125001 0.6481899125 0.940876128125 0.646394321875 0.9524837609375 0.6460076156250001 0.9594078749999999 0.6380519265625 0.9623461843750001 0.62388724375 0.9632364156250001 0.616261515625 0.9570011234375 0.5963068359375 0.9272988874999999 0.5902864046875
7 0.9403887125000001 0.69458933125 0.951847975 0.69547358125 0.9632330484375 0.6969933078125 0.973322665625 0.7022733234375 0.976061615625 0.6788114281250001 0.9573837078125 0.677400884375 0.948907821875 0.67297088125 0.9430814734374999 0.66785476875 0.9244905625 0.6803722828125001 0.9357051937499999 0.687020346875 0.9403887125000001 0.69458933125
38 0.9411376203125 0.6808375343749999 0.9488707296875001 0.6732886203125 0.9437270734375 0.6659928546875 0.9314146750000001 0.67241659375 0.9228725750000001 0.679558734375 0.9315860390624999 0.68562195 0.9411376203125 0.6808375343749999
7 0.978751059375 0.531050821875 0.9916793484375 0.54502956875 0.9938770640625 0.526203896875 0.9959731515625 0.346066546875 0.988902859375 0.359719003125 0.9860837984374999 0.38386713906250003 0.9864256062500001 0.391944159375 0.9904785453124999 0.40491469999999996 0.9867091703125 0.422529990625 0.9809278859375 0.42803280781249997 0.9800968203125 0.4314834140625 0.970879996875 0.451741875 0.9685281234374999 0.46821976562499995 0.96128519375 0.48257474375 0.9588290921875 0.49260882656250005 0.963468465625 0.507892575 0.9716255390624999 0.5187218687499999 0.978751059375 0.531050821875
10 0.9756367796875001 0.44034169062500006 0.9807795140625 0.4293037609375 0.9875181640624999 0.422936765625 0.98983294375 0.40677661406250004 0.9860025625000001 0.391899640625 0.9852748046875 0.3834603640625 0.9896005734375001 0.36107899374999997 0.9959921109375 0.3444372015625 0.9959983921875001 0.34389728124999996 0.98791545 0.353503896875 0.9663491359374999 0.380503834375 0.943714178125 0.4093211671875 0.9272243828125 0.436855321875 0.914897884375 0.458073109375 0.9198189812500001 0.4672753046875 0.9306105718750001 0.47387885 0.932147321875 0.48272490156250003 0.9420778046875 0.48569976718749996 0.9511471765625 0.4850459546875 0.9634224828125 0.478939953125 0.9675336640625 0.4694016828125 0.9694995890625 0.452561534375 0.9756367796875001 0.44034169062500006
25 0.6315232671875 0.38000646250000003 0.639969109375 0.37735718125 0.6375491796875 0.3687398328125 0.6313889953125 0.36648336875 0.622906059375 0.3694503890625 0.622090015625 0.3764406390625 0.6315232671875 0.38000646250000003
41 0.9496925812500001 0.48650109218750004 0.9403856296875001 0.4855216953125 0.9320731359375 0.4833603796875 0.926528509375 0.472162715625 0.9067717765625 0.472656790625 0.89217371875 0.4839862765625 0.8796166921875 0.496173828125 0.879327921875 0.5096524046875001 0.8858148890624999 0.5164462453125 0.9015717203125 0.5245372234375 0.923844640625 0.5281676359375 0.9434750765625 0.5250871328125 0.9557132875000001 0.5192988703125 0.9633200937499999 0.5091635296875 0.9574857765625 0.49311075000000004 0.959132884375 0.4826698921875 0.9496925812500001 0.48650109218750004
29 0.9341053109375 0.8988140765624999 0.9139034625000001 0.9031210171874999 0.883088440625 0.9066327453125 0.9470346609375 0.9274569874999999 0.9515450171875001 0.88882118125 0.9341053109375 0.8988140765624999