11 0.8689723921875 0.2133019203125 0.870604121875 0.21119159375000002 0.8742015453124999 0.205290003125 0.8660133812499999 0.2016052671875 0.860966059375 0.1986761171875 0.85914411875 0.19782067187500002 0.85952035 0.1967987953125 0.858201446875 0.1968986546875 0.8549168515625001 0.20078977656250002 0.8529088874999999 0.20392197968749998 0.8500850625 0.20810934531249997 0.8476586015625 0.2116043671875 0.8494594078125 0.21213028125000002 0.8556988249999999 0.21298239218749998 0.8623990125000001 0.214130746875 0.8668798921875001 0.21511600468749997 0.8689723921875 0.2133019203125
11 0.287187121875 0.461658521875 0.29105929375 0.460040821875 0.2948046578125 0.45644594375 0.2955782515625 0.4547317203125 0.29505408125 0.4534468859375 0.2833657875 0.44340455156249997 0.2824019796875 0.44215300312499994 0.2818989421875 0.4411977 0.278821503125 0.4414307046875 0.2762682359375 0.4429485421875 0.2728991015625 0.44552154687499995 0.2691326015625 0.4487868953125 0.2675008734375 0.45089722187500003 0.265911409375 0.4536666078125 0.26647785156250003 0.45561050156249994 0.2682575234375 0.4558068875 0.27003719375 0.45600327187499995 0.2845493171875 0.46185824062499997 0.287187121875 0.461658521875
39 0.5158491421875 0.9479948500000001 0.511186428125 0.9579506609375 0.496382425 0.9888732593749999 0.4919533578125 0.9971040515625 0.5116425609374999 0.9969895031249999 0.56808329375 0.992716159375 0.57605771875 0.9775426484375 0.5802385265625001 0.9669610656250001 0.5347787390625001 0.9538464843750001 0.5158491421875 0.9479948500000001
6 0.39677640468750003 0.8616447734375001 0.3826658375 0.8620508796875 0.38291945156249996 0.866005240625 0.39703001875 0.8655991359374999 0.39677640468750003 0.8616447734375001
6 0.4038612 0.875678090625 0.418512884375 0.8699329296875 0.41662754062499996 0.868088896875 0.40281285625 0.873108421875 0.4038612 0.875678090625
6 0.40792777031250005 0.8839795828125 0.4217424546875 0.8789600546875 0.41973030468749994 0.8751388406249999 0.4060001578125 0.8814764875 0.40792777031250005 0.8839795828125
6 0.4226639921875 0.87955254375 0.41228184375000004 0.8829876593750001 0.41333018906249996 0.8855573265625001 0.42375460625 0.882781271875 0.4226639921875 0.87955254375
6 0.442176978125 0.8807241843750001 0.4567018546875 0.87300184375 0.4547319734375 0.8698396875000001 0.44108636562500003 0.877495453125 0.442176978125 0.8807241843750001
6 0.41663629999999996 0.8131206000000001 0.42487948906249995 0.8038870890625001 0.4220726078125 0.8014505656249999 0.4129501484375 0.8107506515624999 0.41663629999999996 0.8131206000000001
6 0.42515023750000003 0.7667799953125 0.4088161765625 0.76006958125 0.4063897140625 0.7635646015625001 0.41991689374999996 0.767838490625 0.42515023750000003 0.7667799953125
6 0.29705614687500004 0.75329936875 0.30195133749999997 0.7469683875 0.3042932625 0.7421552484375 0.30069165 0.7411034187500001 0.29663345625000004 0.7467087640625001 0.293412265625 0.751588478125 0.29705614687500004 0.75329936875
6 0.264972546875 0.52857314375 0.26569111875 0.5397771687499999 0.2700451921875 0.53878524375 0.2685318921875 0.5289659140625 0.264972546875 0.52857314375
6 0.40760713437499996 0.768770509375 0.40266967343750004 0.7744424296875 0.4079875546875 0.774702053125 0.412088015625 0.7697557671874999 0.40760713437499996 0.768770509375