7 0.649122340625 0.544282653125 0.648703271875 0.54928555 0.6504267265625 0.553358125 0.6594428796875 0.5529383203125 0.6710645093750001 0.555304171875 0.6777860890625 0.5520842296875 0.686231121875 0.5529368625 0.69321291875 0.548458959375 0.6928581328125001 0.5397545546875 0.6913948953125 0.5344240171875 0.685143071875 0.5338845484375 0.6733625890625 0.5352636296875 0.67032115 0.5370663734375001 0.6662287421875 0.536011075 0.6595578484375 0.5404745046875 0.6558946031249999 0.5423061984374999 0.649122340625 0.544282653125
6 0.8027789359374999 0.5159487781250001 0.800450571875 0.51231965 0.7918297921875 0.5147974578125 0.7947461703124999 0.517568640625 0.8027789359374999 0.5159487781250001
29 0.2015693609375 0.49992212968749994 0.208409203125 0.49960365625 0.210727471875 0.4953428953125 0.206601275 0.4934586046875 0.20036634531250003 0.49333363124999996 0.1976695953125 0.4959508890625 0.2015693609375 0.49992212968749994
29 0.6223139093750001 0.52850433125 0.6203133421875 0.5252752234375 0.614835371875 0.528437259375 0.6177686437500001 0.5316229390625 0.6223139093750001 0.52850433125
6 0.747692246875 0.448331028125 0.7414573156250001 0.4482060546875 0.7382739203125 0.4541682265625 0.7471312234374999 0.45749335625 0.75090263125 0.4506732390625 0.747692246875 0.448331028125
57 0.9128217140625001 0.43399782968749995 0.918543009375 0.429163334375 0.9156097359375 0.4259776546875 0.90952685625 0.42958314062499997 0.9128217140625001 0.43399782968749995
27 0.7315146234375 0.5558117796875 0.7229952109375 0.5607765578125 0.7233668921875 0.56989545625 0.7308961140625 0.5712060140624999 0.7315146234375 0.5558117796875
27 0.4431699546875 0.5887558109375 0.436282725 0.6031960828125 0.44659316718750003 0.603961859375 0.451408746875 0.6074751765624999 0.45115532812500003 0.6012577453125 0.4558019625 0.6006261078125 0.4536730390625 0.58660564375 0.4431699546875 0.5887558109375
57 0.45952949062500004 0.5850871109375 0.46470665312500004 0.5898294390625 0.4695121390625 0.58545286875 0.46965409375 0.5812934375000001 0.4583433671875 0.5789131078125 0.449252834375 0.5851503265625 0.45952949062500004 0.5850871109375
6 0.2416379828125 0.5964783265625 0.2404349640625 0.5898898265625 0.230283371875 0.585379115625 0.2238794953125 0.5811091859374999 0.2253190359375 0.593500621875 0.225690715625 0.6026195234375 0.22916131874999998 0.6037037703125 0.23558209218749998 0.6083881953125 0.2416379828125 0.5964783265625
6 0.12445210625 0.5184629828125 0.1221068484375 0.5144193625 0.1134522796875 0.516068178125 0.1148648328125 0.5201552296874999 0.12445210625 0.5184629828125
29 0.0482774375 0.5830562609375 0.0376391953125 0.581890465625 0.0343882203125 0.58619465625 0.042917728125 0.5891197671875 0.047037125 0.5984794499999999 0.04843958125 0.5946766078125 0.0497406734375 0.588386796875 0.0482774375 0.5830562609375
6 0.61387259375 0.46660505937499996 0.6130480546875 0.4616600671875 0.604427275 0.46413787500000003 0.6059074078125 0.4698829046875 0.61387259375 0.46660505937499996
57 0.8127080265625001 0.4232938421875 0.8066488406250001 0.4198384296875 0.7947601921875 0.42620593125 0.8064831890624999 0.4310587578125 0.8116502593750001 0.4279111953125 0.8127080265625001 0.4232938421875
31 0.85241835625 0.5339863109375 0.876046896875 0.5328861296875 0.8787335515624999 0.5223789828125 0.8719174046875 0.5156365578125001 0.8418612937500001 0.5195277093749999 0.8456022093750001 0.527243884375 0.85241835625 0.5339863109375
57 0.8608361906249999 0.5647405203125 0.870491040625 0.56470625625 0.8693049171875 0.558532253125 0.8559192437500001 0.5587402296875 0.8476161671875 0.553728165625 0.838718275 0.557049440625 0.8338114234375 0.5589390390625 0.8386945796875 0.5641103390625 0.8424186015625 0.5714120203124999 0.852198515625 0.56680383125 0.8608361906249999 0.5647405203125
57 0.9188061 0.5196825781250001 0.91352076875 0.519928671875 0.912219678125 0.5262184828125 0.9175725859374999 0.5276303718750001 0.9238987906249999 0.5223524296875001 0.9188061 0.5196825781250001
57 0.9177147531250001 0.48526498125 0.921898434375 0.4809173609375 0.9266532359375 0.47529730312499996 0.9209894234375 0.473899890625 0.9116623687500001 0.4743341734375 0.9026462140625 0.47475397812500003 0.9031767468749999 0.48012794375 0.9085127609375 0.48112533593749995 0.909320403125 0.485655834375 0.9177147531250001 0.48526498125
57 0.6880423437500001 0.5744471984375 0.6875287078125 0.5694877296875 0.6773027359375 0.5707944296874999 0.67272368125 0.5730840484375 0.673842225 0.57760006875 0.6793370921874999 0.5748525265625 0.6880423437500001 0.5744471984375
4 0.516901290625 0.5329972234375 0.5179590578125 0.5283798703125 0.509581603125 0.52918521875 0.5123222359375 0.535286840625 0.516901290625 0.5329972234375
57 0.48427328125 0.5731376671875 0.4809953171875 0.569137475 0.47352687187500003 0.57696029375 0.48427328125 0.5731376671875