39 0.19664169375 0.9658157921875 0.200518953125 0.9720404125 0.198983484375 0.97785644375 0.20387403593750003 0.9869047953125 0.20073862656250002 0.9945248687499999 0.2027354296875 0.996461240625 0.222436234375 0.9961173609375 0.2205420625 0.9752142390625 0.216582825 0.9580119687499999 0.2145092765625 0.95531818125 0.19664169375 0.9658157921875
27 0.5685455296875 0.8328699265624999 0.58658261875 0.8681782796874999 0.6496512578125 0.8483889640625 0.6608595890625 0.8392434921874999 0.6439822421875 0.8217485078125 0.6051157265625 0.7654096453125 0.5749708 0.7816998390625 0.5362427265624999 0.7912701906249999 0.5607631546875 0.82015610625 0.5685455296875 0.8328699265624999
33 0.531302759375 0.8599457546875 0.5190150609375 0.872439421875 0.5091837921875 0.877664225 0.524434940625 0.8865147609375 0.5425500546875 0.8987661843750001 0.5414078203125 0.8879184796875 0.552177553125 0.888206503125 0.5510735328125 0.8709222921875 0.531302759375 0.8599457546875
39 0.6431058984375 0.7760291765625 0.6708031484375 0.770490678125 0.70660118125 0.7636913640625 0.6870055671874999 0.7033827171875 0.678925490625 0.6912413671875 0.6701337734374999 0.70973839375 0.673723684375 0.7098344015625 0.6755082875 0.7165834906249999 0.6587495296875 0.713813565625 0.65140255 0.7120340796875 0.6126896328125 0.6843516015625 0.6218076609375001 0.7199490890625 0.6276716890625 0.7484415921875 0.6431058984375 0.7760291765625
39 0.6804506046875 0.6921264218750001 0.6927956234375 0.6699779921875 0.70664825 0.6417489578125 0.7141218234375 0.607333925 0.7189527046874999 0.5818185421875001 0.6816415109375 0.570847803125 0.6649591796875 0.555204865625 0.638325390625 0.5402455859375 0.6269395453125 0.5545046734375 0.6236457343749999 0.564020109375 0.62326680625 0.6080173390625 0.6307602343750001 0.6247864625 0.6195447484375001 0.6202651859375 0.5994977312499999 0.650861359375 0.604694734375 0.6628200718749999 0.5915521484374999 0.6705946468749999 0.630358996875 0.692369775 0.651021271875 0.711812815625 0.6583125328125 0.7130631453125 0.6755361468750001 0.71684806875 0.6749789578125001 0.7115565046875 0.6709241890625 0.7104454984374999 0.6804506046875 0.6921264218750001
39 0.644231684375 0.47734742968750005 0.6423220890625 0.49660894375 0.6163537234375001 0.508367371875 0.63198455 0.5276230859375 0.6253428078125001 0.535940884375 0.6422217546875 0.5432519546875 0.6617226859375 0.5550655421874999 0.674435428125 0.5602072953125 0.7061683390625 0.55899805625 0.73414418125 0.5561053421875 0.762278428125 0.551317265625 0.764903615625 0.535451953125 0.7534891640625 0.495044053125 0.736107146875 0.493154490625 0.6813598171875 0.46958112031250004 0.6591135078125 0.46909170156249996 0.6546496015625001 0.4674948546875 0.6429867640625 0.46892424374999997 0.644231684375 0.47734742968750005
39 0.90508523125 0.60885289375 0.9355501640625 0.5684041453125 0.9585932937500001 0.528865009375 0.9870387968750001 0.4964355453125 0.958488259375 0.48707103281249997 0.9362682078125 0.497030109375 0.944342734375 0.48532079531249994 0.9107416421875 0.47898720937499994 0.876795884375 0.47617976874999995 0.8642749593750001 0.49325789843749995 0.8616672781249999 0.5160888734375 0.8510997093749999 0.5313196437500001 0.8331174890625 0.56112676875 0.8243623843749999 0.58337120625 0.7978789953125001 0.6174361421875 0.8069269968749999 0.6251709812499999 0.816422353125 0.62695515625 0.8286320234375 0.6375184140625 0.8719218859375 0.6576721375 0.8868331703125 0.6394970718749999 0.89420085625 0.6278743875 0.8948814359374999 0.6173392640625 0.90508523125 0.60885289375
57 0.13638351875000002 0.2643605328125 0.13144600312500002 0.25826585625 0.13860831875 0.251492209375 0.118597165625 0.2314333828125 0.10529937812500001 0.220735490625 0.0921535890625 0.24887789843750002 0.0819864078125 0.26111167812499997 0.0946505828125 0.27939101875 0.12265108124999999 0.2971307125 0.123228978125 0.289020109375 0.1344651703125 0.280139215625 0.13638351875000002 0.2643605328125
33 0.4674298078125 0.37573954375 0.44573908749999996 0.39072560312500004 0.4592788578125 0.40032186718749996 0.472009103125 0.41242927968750004 0.477989371875 0.41142835 0.4802977515625 0.3993537625 0.47510074687500004 0.3873950515625 0.4674298078125 0.37573954375
33 0.564730803125 0.310483871875 0.56899969375 0.310228671875 0.5655228203125 0.3010070609375 0.5539610671874999 0.310195846875 0.5580612015625 0.31853709375 0.564730803125 0.310483871875
33 0.5310557375 0.2422530578125 0.5270479359375 0.2381883765625 0.5121382515625 0.24617952812500002 0.5203958390625 0.2532072609375 0.5310557375 0.2422530578125
57 0.49560482187500005 0.1707559890625 0.49655204218750004 0.1797516453125 0.5021128203125 0.184965959375 0.5190403328125 0.17913943906250002 0.49560482187500005 0.1707559890625
33 0.53887333125 0.0309207390625 0.5165386421875 0.060189332812499996 0.51721441875 0.08020595625 0.5515741171874999 0.0529474890625 0.53887333125 0.0309207390625
42 0.1714618046875 0.458107903125 0.19119916875 0.44496919999999995 0.1883909203125 0.44209746718750004 0.167379178125 0.45673231875000003 0.1714618046875 0.458107903125
41 0.18239154375 0.44631665 0.19378453906249998 0.44572430937499996 0.1977469765625 0.44255875 0.195636815625 0.43611755625 0.185081203125 0.434463325 0.1784219546875 0.43581546250000003 0.177807446875 0.440178659375 0.18239154375 0.44631665
57 0.5859857171875 0.7605184046875 0.5850384984375 0.751522746875 0.5737585421875 0.742989484375 0.5653847140625 0.765455184375 0.5757628171875 0.7722230265625 0.5797236546875 0.779241384375 0.588364121875 0.776306465625 0.594345990625 0.7651216203125 0.5859857171875 0.7605184046875
39 0.7069457453125 0.8791539500000001 0.72008833125 0.8713793734375 0.7254119296875 0.8471435671875 0.7161219437499999 0.84051035625 0.68253675625 0.8513263468750001 0.6646341640625 0.84789263125 0.6542632125 0.8547915343750001 0.656232478125 0.8700937515625 0.6620336359375 0.8843903531249999 0.6805403828125 0.8901619578125001 0.6857859515625 0.888983078125 0.6949000296875 0.890545990625 0.7069457453125 0.8791539500000001
39 0.71633851875 0.7643739093749999 0.7474322625 0.746895459375 0.724678934375 0.717792971875 0.7114909828125 0.7183373046875 0.713366315625 0.7395468765625 0.7173900234375 0.7607611359375 0.71633851875 0.7643739093749999
39 0.6354726578125 0 0.63763731875 0.0067566265625 0.62627058125 0.017797460937500002 0.6366454828125 0.0449331359375 0.6494975203125 0.0513977765625 0.6616355671874999 0.0442823015625 0.6744924078125 0.020195196874999998 0.6752944624999999 0 0.6354726578125 0
53 0.44947790000000004 0.331041009375 0.47701279375 0.293363296875 0.4687361015625 0.28955381562500004 0.4612307171875 0.2896696921875 0.435323621875 0.32580794062499996 0.44947790000000004 0.331041009375
53 0.38049271406249996 0.301440834375 0.388668325 0.29749091875 0.390066096875 0.2801680796875 0.39583544531250003 0.260165525 0.3858457734375 0.2672856921875 0.366925084375 0.2915799890625 0.37158400937499997 0.2950288859375 0.3775730296875 0.2975107859375 0.38049271406249996 0.301440834375
53 0.51317065 0.2457850046875 0.522509203125 0.2392806265625 0.51670644375 0.2351679421875 0.5132367234374999 0.23961307656250003 0.48165186093749995 0.2456280375 0.482738378125 0.25594658593749997 0.49260465781249996 0.2646531078125 0.503914075 0.263267034375 0.51317065 0.2457850046875
57 0.4409462140625 0.6477819421875 0.45240528125 0.641017675 0.45544835937499994 0.629121034375 0.4505474546875 0.6267737703125 0.4310799328125 0.6390754203125 0.43727272343749995 0.6468922015625 0.4409462140625 0.6477819421875
31 0.534985309375 0.50735213125 0.5074273578125 0.51421351875 0.5185353562499999 0.5517110578125 0.5504648828125001 0.5421699546875 0.534985309375 0.50735213125
39 0.5757375125 0.5781994781249999 0.59975251875 0.568288409375 0.60552901875 0.5619525999999999 0.6229110359375001 0.5638421609375001 0.627348684375 0.5549905140625 0.6078461515625 0.5533608437499999 0.594261015625 0.5365343375 0.5704617328125 0.5348952859375 0.567261853125 0.538503371875 0.55212929375 0.544377896875 0.5506758031250001 0.5611715796875 0.5556133203125 0.5672662546875 0.5585139 0.5744145546875 0.5757375125 0.5781994781249999
39 0.58473535 0.6092558234375 0.5870683875 0.61781364375 0.6027843921875 0.6276791765625 0.6212020078125 0.6088063828125 0.6197358140625 0.58808265625 0.606138725 0.58814115 0.5898066125 0.5928227296874999 0.58473535 0.6092558234375
39 0.6315754109375 0.52713724375 0.6246200625 0.5188779375 0.61959736875 0.5221734421875001 0.6062144015625 0.5208657296875 0.598959753125 0.523362809375 0.5884407515625 0.5254559890625 0.5905421609375 0.5284143546875 0.60596761875 0.5525191031250001 0.6269116859375 0.5542400953125 0.6373487109375 0.5411692671874999 0.6249615281249999 0.5357196234375 0.6315754109375 0.52713724375
39 0.6215029109375 0.5878660828125 0.6208740984375 0.564895784375 0.6054733 0.5614234437500001 0.601984471875 0.5690868328125 0.6107713890625 0.58114155 0.6215029109375 0.5878660828125
33 0.7114459234375 0.35414086875 0.7008553 0.3385553140625 0.688588309375 0.337646815625 0.6785206109375 0.3678239046875 0.6991844859375 0.37708303125 0.71506049375 0.3748692859375 0.717107784375 0.3671145796875 0.7114459234375 0.35414086875
53 0.9522008906250001 0.3117704640625 0.9345140203125 0.2967866265625 0.9143030484375 0.3054275 0.9155829796875 0.3277820109375 0.9354548375 0.34651794687500004 0.9640276828125 0.332296375 0.9522008906250001 0.3117704640625
53 0.5636241234375 0.6059473640624999 0.5466791046874999 0.604808221875 0.5456068921874999 0.6218231656250001 0.5331902515625 0.626292859375 0.5307616796875 0.633826303125 0.5537809 0.628057165625 0.5636241234375 0.6059473640624999
57 0.52050775625 0.6210134046875 0.52229161875 0.6213810109375 0.520970225 0.6224306859375 0.5359061671875 0.624888028125 0.536349478125 0.6235128734375001 0.5376286890624999 0.6242481296875 0.5445187734375 0.62168853125 0.54635354375 0.605116115625 0.5421125124999999 0.6056358921875 0.541669203125 0.60701104375 0.5407911203125 0.6066855671875 0.5341841546875 0.611933940625 0.5267761859375 0.6061755390625 0.5172704765625 0.6110924484375 0.52050775625 0.6210134046875
33 0.5485379874999999 0.316488340625 0.5469953671875001 0.30863762499999997 0.53626064375 0.3222809265625 0.531292065625 0.3362895 0.540145053125 0.3421722921875 0.5386318921875 0.324402240625 0.5485379874999999 0.316488340625
42 0.5227975796875 0.082233140625 0.521799996875 0.0825535828125 0.5218585921875001 0.0835147796875 0.5209516984375 0.083806090625 0.5209196046875 0.084796415625 0.5201034015625 0.0850585953125 0.5199806171875 0.0860780546875 0.519255103125 0.086311103125 0.5190416296875 0.0873596921875 0.5184068046875 0.08756360937499999 0.518102640625 0.0886413296875 0.51755850625 0.0888161171875 0.5171636546875 0.08992296718750001 0.5167102078125 0.090068621875 0.5162246671874999 0.09120460625 0.515861909375 0.0913211296875 0.5152856796874999 0.0924862421875 0.5150136109375001 0.0925736375 0.5124687171875 0.09633115625000001 0.5174531984375 0.09947215625 0.5389781046875 0.067801546875 0.5379737437500001 0.06732910156250001 0.5398391 0.0665347234375 0.5393369203125 0.06629850000000001 0.5407000953125001 0.0652678984375 0.534524471875 0.063765984375 0.5455523484375 0.047483398437500005 0.5497425484375 0.0491520765625 0.5566819921875 0.0402618046875 0.55329745 0.035316760937500004 0.54896394375 0.042324359374999995 0.5277380859374999 0.07378603593750001 0.5284315046875 0.0745433140625 0.5268897875 0.07503854374999999 0.5274925171875 0.07582495312500001 0.5260414875 0.07629105 0.5265535296875 0.0771065890625 0.525193190625 0.0775435578125 0.5256145421875 0.078388228125 0.5243448921875 0.0787960640625 0.5246755546874999 0.079669865625 0.52349659375 0.0800485703125 0.5237365671875 0.080951503125 0.522648296875 0.08130107812500001 0.5227975796875 0.082233140625
57 0.852129553125 0.724684090625 0.843166728125 0.707559071875 0.8221287281249999 0.711745428125 0.8233354359374999 0.7266051234375001 0.831453725 0.7323099656250001 0.841981478125 0.73369961875 0.852129553125 0.724684090625
57 0.9175260875 0.2136470046875 0.91591579375 0.2221521328125 0.9292884078125001 0.23016092968750002 0.9372411421875 0.2240943890625 0.9175260875 0.2136470046875