20 0.2361752984375 0.6211346046874999 0.22189896718750002 0.5964860796875 0.2143365953125 0.5926883578125001 0.2082309546875 0.597952090625 0.20502155156250002 0.6072307 0.2190447421875 0.6343808015625 0.2247116921875 0.6370218328125 0.23628698906249998 0.6526668140624999 0.24338379375 0.6498467484375 0.235765575 0.630282921875 0.2361752984375 0.6211346046874999
57 0.2070028578125 0.371437890625 0.220408075 0.37205893749999996 0.21999078593750002 0.3675137328125 0.213002284375 0.3616144765625 0.203057521875 0.36249224999999996 0.2070028578125 0.371437890625
7 0.38661899375000003 0.3684734890625 0.3900987609375 0.3708013421875 0.39641683125 0.3746569703125 0.41853216406250004 0.374872665625 0.419894425 0.366509953125 0.41543315312500007 0.362152946875 0.393920659375 0.3610792640625 0.3896718140625 0.3658416203125 0.38661899375000003 0.3684734890625
11 0.3838399234375 0.4229633453125 0.3732536984375 0.423041040625 0.3634848296875 0.4181011078125 0.3586428015625 0.424135965625 0.3666707421875 0.43455147656250004 0.374233115625 0.43834919687499996 0.3899027640625 0.4425995546875 0.39150850937500004 0.4313207484375 0.3881660140625 0.4215171203125 0.3838399234375 0.4229633453125
7 0.9101831953125 0.43872011562499996 0.9042727609375 0.4389951765625 0.8927608749999999 0.452809821875 0.892001453125 0.46031455 0.8948880359375 0.46391490468749996 0.899214125 0.46246868125 0.9045024093749999 0.462222575 0.9147989624999999 0.4497093859375 0.9143333921875 0.4430915984375 0.9101831953125 0.43872011562499996
38 0.894586615625 0.4643439 0.8988644265625 0.46082509062500004 0.8969014156249999 0.45676678906249996 0.89320713125 0.458598575 0.894586615625 0.4643439
7 0.8792637859375001 0.5418256734375 0.8733436937500001 0.541686215625 0.86370035 0.5421349984375 0.8577706031250001 0.5415810249999999 0.858867978125 0.548584375 0.872748421875 0.556237725 0.8840726671875 0.5611052734374999 0.9102706078124999 0.5627908359375 0.908454521875 0.551671275 0.8792637859375001 0.5418256734375
57 0.4386951578125 0.6121247203125 0.44305987187499996 0.6123365609375 0.46490693125 0.5876667921875 0.46103884375000004 0.5820372828125 0.452630146875 0.5820136390624999 0.4417618140625 0.5833493609375 0.44407661249999997 0.57577225 0.4322364296875 0.575493334375 0.43555752343750004 0.5977469328125 0.4386951578125 0.6121247203125
39 0.43352844687500003 0.9518072328124999 0.4519881203125 0.9555127828125001 0.47450143125000005 0.9594446515625 0.4888881546875 0.9620948484375 0.49882326250000003 0.9608025578125 0.517487796875 0.9599339499999999 0.5287637640625 0.9627289171875001 0.5400955765625 0.9812899875 0.5462681734375 0.9917918390624999 0.5562633296875 0.9913266843749999 0.559440196875 0.9828795234375001 0.5473124296874999 0.956886109375 0.536040640625 0.9275331343750001 0.5136301546875 0.8879094171874999 0.5105504546875 0.87601873125 0.5097759015625 0.8561364171875001 0.47820068437499996 0.864245315625 0.4716391296875 0.8633057781250001 0.449589296875 0.879270703125 0.44108195468750006 0.8883808984374999 0.42822920781249996 0.8981082875 0.4093866890625 0.9180736078124999 0.41056131249999994 0.9283930890625 0.41264985000000004 0.937840109375 0.4166048390625 0.947200265625 0.43352844687500003 0.9518072328124999
57 0.5661330375 0.8290306875000001 0.528015578125 0.8370290828125 0.5615551062499999 0.8865090234374999 0.5661330375 0.8290306875000001
57 0.053138346875 0.8649384 0.0374590421875 0.860273525 0.0351249296875 0.8670216046875 0.0306326015625 0.8747000546875 0.0327983859375 0.8874632046875 0.03663750625 0.8918491640624999 0.053138346875 0.8649384
57 0.32002741874999996 0.384021496875 0.2942950484375 0.38895371875 0.3170904671875 0.3916275609375 0.32002741874999996 0.384021496875