7 0.45167861093750006 0.6418568046875001 0.45562971250000006 0.6209801734375 0.446802784375 0.5507459984375 0.434052115625 0.5559232 0.423563453125 0.5686870671875 0.42038889218750003 0.57672913125 0.42158334374999995 0.601049809375 0.425791275 0.6476662796875 0.43186382031250004 0.6590949 0.43243977187500005 0.680528578125 0.4354958 0.684277690625 0.4375617734375 0.7042081765625 0.4423942796875 0.724479078125 0.45392694687499996 0.71521675 0.4541100625 0.6719514859375 0.4551206296875 0.6501508484375 0.45167861093750006 0.6418568046875001
7 0.490239096875 0.445341465625 0.482494934375 0.47137316093750004 0.478583340625 0.48831939999999996 0.47710927812500004 0.5061277515625 0.4693666328125 0.524851303125 0.4624833578125 0.5976497984375 0.46642838593749997 0.6060057343749999 0.4873031359375 0.6085743375 0.4916987375 0.5900011171874999 0.49510884375 0.5656848421875 0.49393186875 0.5503611796875 0.49840953125 0.509310890625 0.495840553125 0.48931851093749995 0.4963671109375 0.469144853125 0.4980166953125 0.44461195 0.490239096875 0.445341465625
38 0.45317243749999997 0.715123909375 0.4541055046875 0.6938759125 0.44621089375 0.699088465625 0.43903128125 0.7083242515625 0.44266477968749995 0.7261989 0.45317243749999997 0.715123909375
28 0.43934886874999995 0.483491665625 0.4437034421875 0.47615697968750004 0.467596228125 0.47909694687500004 0.4708513296875 0.45588595625000006 0.4695588625 0.4377371859375 0.45957624375000006 0.43594666406249993 0.43930251406250004 0.4272680453125 0.4303798578125 0.44528421875 0.4316692890625 0.4780492734375 0.43934886874999995 0.483491665625
57 0.5175890953125 0.38349405625 0.5259487203125001 0.374965646875 0.527462296875 0.3532269015625 0.5239032625 0.34941589375 0.526228334375 0.332836615625 0.5154532140625 0.32757550156250004 0.5064165828125 0.33545842656249997 0.5047305265625 0.3493054390625 0.5038004968750001 0.35593715000000004 0.4995629375 0.3587888 0.49563690625 0.3521217375 0.5003394812499999 0.3459542328125 0.5070016468749999 0.3130432515625 0.5040056453124999 0.29974447656250003 0.49514301562499996 0.3082109921875 0.48753789843749995 0.31683224062500004 0.4853268 0.34354476875 0.49031431249999996 0.3627103859375 0.49830238437499996 0.37325035 0.5077994734375 0.383975996875 0.5175890953125 0.38349405625
57 0.8328773593750001 0.0490027703125 0.8281747875000001 0.055170276562499995 0.8200415921875001 0.091273325 0.817794021875 0.1072999625 0.8142319499999999 0.11810523906249999 0.8111348921875001 0.125594659375 0.8064877875 0.1441369328125 0.796927634375 0.15757722968750001 0.7921680703125 0.1586781125 0.7897290234375001 0.165124140625 0.789648484375 0.18029306875 0.78508191875 0.1836664140625 0.781847334375 0.2012581375 0.788136428125 0.19472367031249999 0.7977095015625 0.212204815625 0.8165106828124999 0.23138364375 0.8213652234375 0.2387271359375 0.8468696046874999 0.2137564484375 0.8508207062500001 0.1928798171875 0.8543113531250001 0.153394615625 0.8560559156249999 0.137306084375 0.8545894468749999 0.118573725 0.8517659265624999 0.1131666828125 0.8462313390625 0.1197939921875 0.8397446921875 0.1459804203125 0.8290979875 0.17446585625 0.8177963078125 0.1893784 0.8055676390625001 0.196306371875 0.7997070859375001 0.1888390921875 0.8079147437499999 0.16679968437499998 0.8184034078125 0.15403581718749998 0.837152159375 0.14622359375 0.8400387421875 0.1274646921875 0.833115190625 0.1148069984375 0.8371248015624999 0.0916888484375 0.8368398625 0.066355725 0.8320043171875 0.060701106250000005 0.8328773593750001 0.0490027703125
47 0.82538856875 0.8941609250000001 0.8301876421875001 0.8891296499999999 0.8294657984375 0.824952403125 0.82538856875 0.8941609250000001
57 0.498653075 0.7337908890625 0.49867169218749996 0.7373067984375 0.49753042968749994 0.7363231 0.4912793265625 0.746235315625 0.4906957796875 0.7613423484374999 0.4959963390625 0.7636811109375 0.502013415625 0.7627349640625 0.5046629375 0.7675584171875001 0.509618534375 0.754113715625 0.5097575796875 0.7367032703125 0.5075935890625 0.7229446953124999 0.5020210125 0.7261942546875 0.498653075 0.7337908890625
47 0.7159748390625 0.4629986375 0.7285081921875001 0.3863979421875 0.72570366875 0.382679775 0.7105382703124999 0.46345403437500005 0.7159748390625 0.4629986375
53 0.406463534375 0.6486611078125 0.41000205312500004 0.658091384375 0.41274807031250005 0.66405106875 0.42205368437499996 0.665196109375 0.4259447609375 0.6538691359375 0.42546378906250004 0.6408798328125 0.42021489218749997 0.576145540625 0.4229639484375 0.567488940625 0.4338006109375 0.555892253125 0.444036253125 0.5504055812499999 0.44307279062499993 0.531735115625 0.44069680624999996 0.5140152015624999 0.44006082968750004 0.502131184375 0.43381124687500006 0.5047352578125001 0.42591663593750007 0.5099478109375 0.41641650781250006 0.5138384484375 0.4083289 0.5167785359375 0.40002930000000003 0.515757284375 0.3930236875 0.525576659375 0.387718571875 0.545162325 0.384967996875 0.5611270671875 0.38528940624999997 0.59714608125 0.3897944265625 0.6106305375 0.4005475109375 0.6288190609375001 0.4041840484375 0.6320774250000001 0.4063305625 0.636838984375 0.406463534375 0.6486611078125
2 0.5457969609375 0.5691110328125 0.5520860546875 0.5625765656249999 0.5454519984374999 0.5533275671875 0.54210495625 0.5534779000000001 0.5401658765625 0.5746021078125 0.5457969609375 0.5691110328125