7 0.063665871875 0.109721446875 0.0721639921875 0.14041306874999998 0.0780079421875 0.1433754546875 0.092199728125 0.146603290625 0.097135684375 0.1458289796875 0.103196409375 0.142865740625 0.1059170671875 0.13424318125 0.106859971875 0.129720303125 0.1053708046875 0.12327479999999999 0.1039903609375 0.1158497484375 0.0982168921875 0.10033474375 0.09578482187500001 0.09841211875 0.09117502499999999 0.0962477859375 0.0900133515625 0.094796703125 0.091138121875 0.0926077734375 0.090048925 0.09050365625 0.087363175 0.090866640625 0.08326206875 0.0920641515625 0.08064879999999999 0.09177410312499999 0.0767288953125 0.091339034375 0.0757128453125 0.0925484125 0.070232625 0.09425393125 0.0650436546875 0.10128038125000001 0.063665871875 0.109721446875
7 0.1903909078125 0.44573062500000005 0.191116371875 0.443166840625 0.19158749218749999 0.4389221375 0.18930038124999998 0.43569345000000004 0.1877756421875 0.43354099062499996 0.1821128890625 0.4289460265625 0.1764501390625 0.4243510625 0.1704612265625 0.422694740625 0.16585209843749998 0.4244969390625 0.16331197343749998 0.42752039062499997 0.16411125 0.432236634375 0.1692297359375 0.43776280312500004 0.17579981718749998 0.4421279328125 0.179248603125 0.4468077078125 0.182406803125 0.45013307812500003 0.1846207671875 0.4500482671875 0.1875608640625 0.451366203125 0.1902103734375 0.4513297328125 0.1913713828125 0.44881428906250004 0.1903909078125 0.44573062500000005
6 0.350648484375 0.110172521875 0.35652867499999996 0.112808390625 0.35776216562499996 0.109639915625 0.352680584375 0.10775375937500001 0.350648484375 0.110172521875
6 0.307905903125 0.1854187125 0.30986552343749996 0.1836529828125 0.30616239218749997 0.1772922890625 0.3042752515625 0.1784049875 0.30630868125 0.183919284375 0.307905903125 0.1854187125
6 0.29861116875 0.16587696406250002 0.3000620984375 0.16074939531250002 0.2986823171875 0.157290875 0.2969401359375 0.1570975109375 0.29774007812500003 0.16578028125 0.29861116875 0.16587696406250002
6 0.289614340625 0.19132144375 0.2960018921875 0.18938609374999998 0.2954207203125 0.1866772859375 0.2899042609375 0.18870931875000002 0.289614340625 0.19132144375
6 0.2692826953125 0.1520445859375 0.2659432953125 0.15035179375000002 0.264637325 0.1541732984375 0.2642749265625 0.15743845625 0.265872146875 0.15893788281250001 0.2692826953125 0.1520445859375
6 0.23879454218750001 0.14866070625 0.23872339375 0.15724679531250002 0.2403206140625 0.158746225 0.2414078140625 0.14895075468750002 0.23879454218750001 0.14866070625
6 0.2387313796875 0.20484515 0.2396038015625 0.21287489062499998 0.2412735015625 0.2137212875 0.2404735609375 0.2050385140625 0.2387313796875 0.20484515
6 0.2027147875 0.1320957734375 0.20510928750000001 0.12641185625 0.2043831578125 0.1250091109375 0.20111756718749998 0.130596346875 0.2027147875 0.1320957734375
6 0.252028484375 0.283666878125 0.258053634375 0.284996684375 0.25674633281250003 0.28088513125 0.25151979375 0.2803050375 0.252028484375 0.283666878125
6 0.2656760046875 0.2878259171875 0.2639338234375 0.287632553125 0.26255670468750003 0.3000401515625 0.2651699765625 0.300330196875 0.2674195171875 0.29595234062500003 0.2656760046875 0.2878259171875
6 0.237669475 0.3653687390625 0.236799715625 0.3732051140625 0.23846941562500001 0.3740515109375 0.24108135625 0.3664084984375 0.237669475 0.3653687390625
6 0.1855610109375 0.429659271875 0.189988940625 0.42948965 0.1894077703125 0.42678084375 0.18410875 0.42685378125 0.1855610109375 0.429659271875
6 0.1689218453125 0.33327863281250003 0.172841084375 0.32974717343750004 0.1712438640625 0.32824774843750004 0.16826819531249998 0.33122285625000003 0.1689218453125 0.33327863281250003
6 0.23783573125 0.49099161718750006 0.23696597343749998 0.49882799218749996 0.24045033437500002 0.49921472187499993 0.2403765234375 0.4919346953125 0.23783573125 0.49099161718750006
6 0.20727643125 0.49619382968750003 0.2101809515625 0.5018048078125 0.21293918125000003 0.50078879375 0.20923605156249997 0.4944280984375 0.20727643125 0.49619382968750003
6 0.3072802078125 0.3499571703125 0.31199805625 0.347175425 0.310473315625 0.345022965625 0.30662655625 0.3479013953125 0.3072802078125 0.3499571703125
6 0.3049581875 0.3549880578125 0.3105471265625 0.35230299375 0.3090948671875 0.3494975046875 0.303433446875 0.3528356 0.3049581875 0.3549880578125
6 0.32530314531250004 0.47359550625 0.32472330625 0.47881975624999995 0.32544943437499996 0.4802225015625 0.327045325 0.4737888703125 0.32530314531250004 0.47359550625
6 0.42498312499999996 0.5606827125 0.4300633734375 0.554635809375 0.4257079234375 0.5541523984375 0.42345838281250003 0.5585302546875 0.42498312499999996 0.5606827125
6 0.42662959687499996 0.855705315625 0.4316400296875 0.8661775640625 0.434398259375 0.8651615453125 0.42844425625 0.8552456484375 0.42662959687499996 0.855705315625
6 0.6905752109375001 0.9167322656250001 0.6928260828125 0.9202874703124999 0.6983425421875 0.9182554375 0.704077775 0.9221973703125 0.7048025734375 0.9156670578125 0.6989948609375001 0.9123781546874999 0.6905752109375001 0.9167322656250001
6 0.7175118484375 0.95211468125 0.7247691578125 0.9423429546875 0.7190339265625 0.9384010234375 0.71243026875 0.950228525 0.7175118484375 0.95211468125
6 0.6972393718750001 0.832854203125 0.7052254734375001 0.8403513390624999 0.7066764 0.8352237703125001 0.6976017703124999 0.8295890437500001 0.6972393718750001 0.832854203125
6 0.42138634843749995 0.3229572484375 0.424582121875 0.3338891625 0.42734035 0.3328731453125 0.4247982296875 0.323997009375 0.42138634843749995 0.3229572484375
6 0.40770688125000004 0.1284047953125 0.4175774609375 0.11892311562499999 0.4132944875 0.117786675 0.4061821390625 0.1262523375 0.40770688125000004 0.1284047953125
6 0.848912734375 0.6024460234375 0.8455733359375 0.60075323125 0.831637225 0.607139375 0.836501365625 0.6109846250000001 0.8493489453124999 0.60646089375 0.848912734375 0.6024460234375
6 0.08164525 0.19005447343749998 0.0850557984375 0.183161175 0.08338609687500001 0.18231477812500002 0.0809915984375 0.18799869687499998 0.08164525 0.19005447343749998