6 0.6433927953125 0.1830132875 0.6319584234375 0.167216996875 0.60465966875 0.160021946875 0.5330209781249999 0.1803619296875 0.466470865625 0.2045990828125 0.47343217187500003 0.212267490625 0.48687654843750006 0.222395146875 0.5038515343750001 0.2308343859375 0.6433927953125 0.1830132875
25 0.548026009375 0.487608196875 0.5235909750000001 0.48074805468750004 0.495014490625 0.48000771875000003 0.4672637 0.48406689218750004 0.44459214375 0.491621890625 0.42553526875000003 0.501100559375 0.41493410312499995 0.5057644734375 0.41688156249999997 0.512746459375 0.4176960890625 0.532403975 0.43023821875 0.5497807265625 0.45338618437499995 0.5626942359375 0.48606959375000003 0.57116941875 0.5110827734375001 0.572193471875 0.5415851890625001 0.5636530843750001 0.5606700874999999 0.555378446875 0.5805217859375 0.5340352359375 0.5826176890625 0.5167193421875 0.579450375 0.503340778125 0.548026009375 0.487608196875
57 0.85395240625 0.394955246875 0.8951037124999999 0.41447703750000003 0.9089487500000001 0.4111430859375 0.9153711015624999 0.410993603125 0.9303555703124999 0.3799254421875 0.8641799156250001 0.374237603125 0.85395240625 0.394955246875
29 0.0322556359375 0.429741321875 0.04315755 0.42266104374999997 0.0384678078125 0.4205616140625 0.030063475 0.42758376093750006 0.026082656250000003 0.42526705 0.022195253125 0.4269637734375 0.0320950078125 0.43817783437499996 0.035236125 0.43509301875000006 0.0322556359375 0.429741321875
29 0.0406246453125 0.48255254531249997 0.030508210937500002 0.4773669390625 0.016931228125 0.476879825 0.0153340703125 0.4849482140625 0.019779109375 0.49187206562499997 0.0406246453125 0.48255254531249997
29 0.0062996250000000005 0.618275871875 0.0128294015625 0.6227418390625 0.0199840296875 0.6233784328125 0.0288572578125 0.6211641046875 0.0354682625 0.6137821375 0.0353888625 0.6103707203125001 0.0243188015625 0.6102268171875 0.021909962499999998 0.614097709375 0.016238571875 0.61583595625 0.009792865625 0.6149820796875 0.0062996250000000005 0.618275871875
29 0.063193284375 0.7466557703125 0.05207651875 0.7445051515625 0.04068235625 0.74577425625 0.0300531671875 0.7492341375 0.0137946234375 0.7562383125000001 0.009597128125 0.7599500578125 0.017873525 0.7627691265625 0.03273290625 0.7570022015625 0.043774940624999994 0.7559420734375 0.052634154687500004 0.7531257296875 0.057892703125 0.7489877265625 0.06616910000000001 0.751806796875 0.0682538375 0.749348909375 0.063193284375 0.7466557703125
29 0.10856608593749999 0.993563453125 0.10250052968750001 0.9937046296875 0.09405883125 0.999121403125 0.0941605375 0.9994860375 0.105029403125 0.9994228046875 0.10830270156249999 0.997585190625 0.10856608593749999 0.993563453125
29 0.44482127812499994 0.9309239874999999 0.4277884171875 0.935336040625 0.41967082343750006 0.9393398046874999 0.41440293281249996 0.9430764640625 0.40663279374999994 0.94667058125 0.4166418015625 0.947240740625 0.42644347656250003 0.9542406968750001 0.43646649687499994 0.955412871875 0.44534439375 0.9533992124999999 0.4478998484375 0.9404897921875 0.44109267343749997 0.9394435484375 0.43182995625 0.9402614796875 0.43533253906249997 0.9373690328125001 0.4456376265625 0.93532215625 0.44482127812499994 0.9309239874999999
29 0.5062797531250001 0.8106315531250001 0.5058043640625 0.820882415625 0.5098477265625 0.81054850625 0.5062797531250001 0.8106315531250001
29 0.47880941874999994 0.9034291187499999 0.48018055937500004 0.9009878406249999 0.475490815625 0.898888409375 0.47466512656250004 0.8940889015625 0.4696979859375 0.8954091921874999 0.469819425 0.90062665625 0.47880941874999994 0.9034291187499999
29 0.655767909375 0.9294274171874999 0.6565515640624999 0.9324208828125 0.6636314624999999 0.9298467328125 0.6707720796875 0.9298813125000001 0.6708374703125 0.9326907156249999 0.6699118687500001 0.9389364499999999 0.67961545625 0.9417223015625 0.6806298 0.939289328125 0.67449885625 0.936621103125 0.6758186203125 0.9319724359375 0.683269328125 0.9299919953125 0.676415446875 0.9269390375000001 0.66747683125 0.9263439640625 0.655767909375 0.9294274171874999
29 0.6484386375 0.936625321875 0.6503487328124999 0.9420019312499999 0.655117878125 0.9475127796875 0.6549263796875 0.9392852421875 0.6523120312499999 0.93432658125 0.6415240390625 0.930963628125 0.6484386375 0.936625321875
29 0.9430158640625 0.23366344687499999 0.947880246875 0.22792837656249998 0.94623820625 0.21873069687500002 0.9383232734375 0.2161039953125 0.9352241953125 0.22099485625 0.9399746578125001 0.225703015625 0.9368802468749999 0.23079455000000001 0.9236974281249999 0.23190450468749998 0.92519935 0.23508203125 0.9430158640625 0.23366344687499999
29 0.9503871703125 0.2282715875 0.9430999343750001 0.2372755359375 0.94578434375 0.245244271875 0.93942738125 0.24820315625 0.9434222125 0.2511218796875 0.9505021093750001 0.2485477296875 0.9539206218749999 0.2420431921875 0.9613760015624999 0.24026342343749998 0.9613059406250001 0.237253346875 0.94845189375 0.2371509671875 0.9561332921875 0.2297440875 0.9503871703125 0.2282715875
29 0.2316085046875 0.5283024375 0.22870274687499997 0.5261614859375 0.22017230625 0.5277654968750001 0.21476896875 0.5256826765625 0.21502768125 0.5214602671875 0.21527238125 0.5166358437499999 0.2120098296875 0.514503196875 0.20342333906249999 0.5136991453124999 0.20051291093749998 0.5113575234375001 0.1933536109375 0.5105202546875 0.196662871875 0.51465961875 0.190366628125 0.5202272375 0.19229073593749998 0.5262058625 0.197782815625 0.53210144375 0.19648640625 0.5377534703125 0.2030021703125 0.54161741875 0.20748640468750001 0.5348872953125 0.2191719734375 0.530800484375 0.2316085046875 0.5283024375
29 0.1831273359375 0.638655365625 0.1904080734375 0.6447100953125 0.19056220625 0.651332259375 0.186905490625 0.6476025437499999 0.183032096875 0.6499012828125 0.185984559375 0.65404895 0.18325629062499998 0.659533521875 0.1833543734375 0.6637476265625 0.1886969921875 0.663221715625 0.193552034375 0.6570853015625 0.20205445156250001 0.6542772609374999 0.20409248125 0.6498126562500001 0.20147346093750002 0.6446533249999999 0.19490631875 0.6385819875000001 0.1831273359375 0.638655365625
29 0.15444809843750001 0.6335002515625 0.164927825 0.6236188765625 0.1633698578125 0.6180332890625 0.158304634375 0.6151394781249999 0.154764684375 0.6164265531249999 0.160228740625 0.6211181046875 0.151162190625 0.6303642468749999 0.136270115625 0.6347264703125 0.13705844218750002 0.6379206078124999 0.15444809843750001 0.6335002515625
29 0.34787611875 0.61554588125 0.337302978125 0.6214138234375 0.3370676203125 0.626639590625 0.33080407031250003 0.6336119078125 0.3266859765625 0.6407350703125 0.344535184375 0.6407211859374999 0.3545740421875 0.627236025 0.34787611875 0.61554588125
29 0.3359450453125 0.6704358359375 0.34122694375 0.66730119375 0.33420491874999997 0.6570240546874999 0.3310544609375 0.6597075265625 0.3358189359375 0.665017703125 0.33374821250000003 0.66807760625 0.326565559375 0.6662369796875 0.3231722265625 0.658485525 0.3163603828125 0.6572386109374999 0.321584409375 0.666955259375 0.33024095625 0.6707693828125 0.3359450453125 0.6704358359375
29 0.598086296875 0.5984784734375 0.6058938031250001 0.596489728125 0.5989792046875 0.5908280375 0.603759515625 0.581480878125 0.596600215625 0.5806436109375 0.5904020562500001 0.59042533125 0.598086296875 0.5984784734375
29 0.5413094015625 0.47511536562499995 0.545698396875 0.47963115937499995 0.5606044859375 0.47587095 0.5521114078125 0.47908033281250006 0.556096896875 0.481597715625 0.5706368453125 0.4774444671875 0.577434678125 0.4780893671875 0.581261365625 0.47378391249999996 0.573027 0.4727708875 0.5637549421875 0.473187478125 0.5569664515625 0.47294392187499995 0.5470088203125 0.47458114843750004 0.5504740375 0.47008332812500003 0.56220164375 0.4678025609375 0.567506896875 0.46567127656249996 0.561361940625 0.46240103593750004 0.5561407593750001 0.4681444109375 0.55071406875 0.46505823125 0.5475682828124999 0.4679423765625 0.5413094015625 0.47511536562499995
29 0.43566850625000003 0.1695771109375 0.4266971953125 0.16757733749999998 0.42411554218749997 0.1640233796875 0.41236925312499995 0.1655014578125 0.3940931875 0.16251357187499998 0.394214625 0.1677310359375 0.4153217171875 0.1696491265625 0.4343160484375 0.1728210765625 0.43566850625000003 0.1695771109375
29 0.8710013156249999 0.4525839546875 0.88496311875 0.4542667921875 0.885179796875 0.44823833906250005 0.8684103203125 0.448628653125 0.8710013156249999 0.4525839546875