39 0.8186398468749999 0 0.8136602281249999 0.0071524515625 0.8176747265625 0.012871701562499999 0.8514067187500001 0 0.8186398468749999 0
7 0.689016984375 0.178874228125 0.69966404375 0.18368092656249999 0.7134657062499999 0.181085159375 0.7378732765625 0.18152796875 0.7514397765624999 0.1688286546875 0.767906534375 0.16162179375000002 0.77394375625 0.15895402187500002 0.785299403125 0.14655888749999998 0.78653278125 0.128081215625 0.7708745593749999 0.12238025156250001 0.750853421875 0.1198135421875 0.7353833296875 0.1221954171875 0.7173598484375 0.1339875671875 0.7125309359374999 0.1409235515625 0.703828621875 0.148202415625 0.6934343640625 0.1542570328125 0.6914821875 0.1656751203125 0.6910808609375 0.17225532500000001 0.689016984375 0.178874228125
7 0.729782384375 0.215076059375 0.7415084140625 0.2185940171875 0.751507225 0.21937219375 0.760368275 0.21891322500000002 0.779110553125 0.21418065937500003 0.7905073546875 0.2035536484375 0.79917439375 0.1947592515625 0.8122925359375 0.18661943125 0.8231351546875001 0.17600531875 0.8196924750000001 0.1710309375 0.813467121875 0.1656158703125 0.8155368765625 0.1592495578125 0.80216005625 0.156275475 0.7944308890625 0.157719 0.7844497171875 0.157698590625 0.7684607171875 0.1616088953125 0.751993959375 0.1688157546875 0.7389992796875 0.1822599375 0.7286402953125 0.1898300859375 0.7177976765625 0.20044420000000002 0.7191529640625001 0.21102712812500002 0.729782384375 0.215076059375
39 0.803411071875 0.1385555671875 0.8071257390625 0.1313927921875 0.7985190390625 0.11895683906250001 0.79339029375 0.113010796875 0.776735409375 0.1121348171875 0.7579813734374999 0.1163622046875 0.7708510421875 0.121369896875 0.78653278125 0.128081215625 0.7853052828125 0.146811478125 0.7963419109375 0.14453279218749998 0.803411071875 0.1385555671875
39 0.8948073375 0.0868940859375 0.869479534375 0.0945599125 0.8769014374999999 0.1037380125 0.89194080625 0.1066734 0.9083311343749999 0.0961828890625 0.8948073375 0.0868940859375
33 0.6558424328125 0.18293180625 0.635290628125 0.1813883515625 0.6221842453125 0.1900333484375 0.6295532374999999 0.1969381484375 0.6606168828125 0.19747876250000002 0.6558424328125 0.18293180625
11 0.478137490625 0.2904326890625 0.4839967890625 0.3039434921875 0.496801790625 0.3061727078125 0.508404359375 0.3043863015625 0.5343745328125 0.30049640625 0.5335910671875 0.2906583453125 0.5267351046875001 0.281972525 0.517827021875 0.280410784375 0.50460305625 0.2840040078125 0.4940677015625 0.2839964953125 0.488065753125 0.2881798 0.478137490625 0.2904326890625
57 0.5438114078125 0.420068675 0.5666622515624999 0.425096778125 0.579226209375 0.41696985781249996 0.5857117921875 0.4097425875 0.5679309015625 0.40813463906249997 0.5495194015625 0.403255934375 0.523702084375 0.41371313593750003 0.5438114078125 0.420068675
49 0.745057175 0.5854689296875 0.755120653125 0.5890255828125001 0.7802352625 0.5960228 0.7977633515625 0.5867694359375 0.7981940734374999 0.5814521734375 0.8090954828125 0.5733639484374999 0.7923935656250001 0.5704672562499999 0.7863504625 0.57288244375 0.78731773125 0.566794515625 0.7942105203125001 0.5532396296875 0.787094328125 0.5571961421875 0.7874251046875 0.5475848734375 0.7794725328125 0.539430028125 0.7714905671875 0.5300122390625 0.7707364953125 0.5214371203125 0.7646228453125 0.5208212421875 0.7596763515625 0.5227054515625 0.7561439359375 0.5376984765625 0.7484853171875 0.5421730671875 0.7431610125 0.5516478375 0.7452644921875 0.570553296875 0.745057175 0.5854689296875
39 0.6801636234374999 0.5131834796875 0.6794683421875 0.50713425 0.6673527421875 0.5107016765625 0.6446782718749999 0.5132512359375 0.6282409109375 0.5217210359375 0.6239896984375 0.529654478125 0.64438276875 0.5243780375 0.653255575 0.5244242453125 0.6301268656250001 0.5312807109375 0.6091678546875 0.5360648718750001 0.6015680265625 0.54306535 0.60072421875 0.554457640625 0.60206186875 0.5642828015625 0.6093779515625 0.5689143046875 0.610639171875 0.5754558140625 0.6196413203125 0.581058975 0.627883515625 0.577834428125 0.63488800625 0.5690787296875001 0.6347821828125 0.5645321328125 0.6407370984375 0.558328115625 0.636763753125 0.5543769890625 0.63003125 0.5509955296875 0.633209371875 0.54460341875 0.6458556375 0.540012740625 0.6623047546875 0.5320481171875 0.672268290625 0.5313107609375 0.6803223578125001 0.5200033765625001 0.6785598640625 0.5157480640625 0.6801636234374999 0.5131834796875
39 0.8486095453125 0.7225632296875 0.8559079890625 0.726436965625 0.8615203687499999 0.7293390421875 0.84600324375 0.72970020625 0.83500776875 0.7337470140625 0.8167608843749999 0.73594079375 0.8034252171875 0.73473483125 0.7868702734374999 0.738152859375 0.7858677328125 0.7427252531249999 0.7742181296874999 0.74249095 0.766635940625 0.75024919375 0.7634930921875 0.7581568359374999 0.7636106734375 0.7632086109375 0.7787029546875 0.768417296875 0.7860072796875001 0.7725436203125 0.7998442171875 0.7714633859375 0.8019668828125001 0.7673703703125 0.8062827671875 0.76221540625 0.8072911890625001 0.7578956015625 0.824464984375 0.7572431515625 0.8432072609375 0.752510584375 0.858630321875 0.7481080015625 0.8618378375000001 0.7429788328125 0.861119040625 0.735919246875 0.864355953125 0.732053025 0.8788293812499999 0.7344961343749999 0.8798201656250001 0.7294185609375 0.8720028140625 0.72707325625 0.8557668906250001 0.7203748359375 0.8486095453125 0.7225632296875
57 0.711258859375 0.3006757140625 0.7339905703125 0.32440827968749997 0.7470130953125 0.335983278125 0.794825690625 0.34144129218749997 0.7812725 0.330889546875 0.7632211734375 0.3176625171875 0.711258859375 0.3006757140625
57 0.675807234375 0.3260152375 0.6491946890625 0.3261292015625 0.632267815625 0.33739037656250004 0.6447302796875001 0.348725684375 0.6586318875 0.3504239265625 0.675807234375 0.3260152375
57 0.8608669546875 0.08187136874999999 0.8617989484375 0.0742679109375 0.872322546875 0.07377024531250001 0.8815966812499999 0.06723625 0.8725886562499999 0.061380500000000005 0.8631205124999999 0.05957906875 0.8541771562499999 0.056501796874999996 0.843630040625 0.05598910625 0.8411075984374999 0.0429060875 0.8294168421875 0.0409036640625 0.82128046875 0.04867480625 0.8275646125 0.0566157578125 0.8249818281250001 0.06476309062499999 0.828436265625 0.07024264999999999 0.84075763125 0.07551582968750001 0.8397198140625 0.0785726921875 0.8460568703125 0.08878694375 0.854959071875 0.0900960953125 0.8608669546875 0.08187136874999999