12 0.7569471390625 0.43915018906250003 0.7474045968749999 0.43174268437499996 0.733349565625 0.43107141562500007 0.7170110359375 0.4384531015625 0.7130854921875 0.45414427343749997 0.718306046875 0.5453860515625 0.7252802890625001 0.554878415625 0.7345182109375 0.5597249765625001 0.744100396875 0.5603181734375 0.7543636828125 0.5536823171874999 0.761159671875 0.538893125 0.759411371875 0.4549528953125 0.7569471390625 0.43915018906250003
12 0.6952981859375 0.43594441406250006 0.6805868328125 0.4382432515625 0.6715866359375 0.44745678125 0.6682852031250001 0.46571447343749994 0.676339034375 0.5642466453125 0.6833157546875 0.5733131140625 0.6960680515625 0.5782210203125 0.70630408125 0.576270003125 0.7169091578125 0.5658066749999999 0.7121319828125 0.4532757546875 0.7067502265625001 0.4446630640625 0.6952981859375 0.43594441406250006
12 0.66512966875 0.5687362984375001 0.67444935625 0.559528346875 0.667968190625 0.46528300156249996 0.668064825 0.4486731203125 0.6659299921875 0.43117241406250006 0.65926285 0.4238151 0.6477711625 0.42191076250000004 0.633376821875 0.4246410703125 0.6272644125 0.4317753171875 0.6242106125 0.46238952187500004 0.6319499109375 0.560064328125 0.6373366203125 0.56782523125 0.648171984375 0.572699678125 0.66512966875 0.5687362984375001
12 0.6238812125 0.4640875234375 0.626987046875 0.4245295359375 0.6222814359375 0.40953958281249997 0.5903548546875 0.4051488640625 0.5842399671875 0.4127090046875 0.5809707453125 0.42543006875 0.582776178125 0.4446287765625 0.5753063796875 0.5203152890625 0.581649078125 0.528518815625 0.5908795640625 0.5346430609375 0.60493955 0.5344625421875 0.617761225 0.52744540625 0.6238812125 0.4640875234375
12 0.574957446875 0.4155285421875 0.566995003125 0.41113018125 0.5558153734375 0.4105091015625 0.5458765296875 0.4162987453125 0.5400290984375 0.4328082453125 0.5310979875 0.539988634375 0.5342557109375 0.5464328171874999 0.5460247625 0.5555829359375 0.5620066375 0.5545840875 0.57099196875 0.5479259265625 0.582776178125 0.4446287765625 0.5803243328125001 0.4266965984375 0.574957446875 0.4155285421875
12 0.524589278125 0.5603200296875 0.5375919765625 0.467266653125 0.537309653125 0.4608726609375 0.533572421875 0.444195859375 0.5269102359375 0.43598675625 0.5173404359375 0.4332640875 0.5071118390625 0.43393742187499995 0.5000409625 0.44105493906250004 0.4926382078125 0.4502963515625 0.49586749531249996 0.5542815015625 0.49484212968749997 0.56576391875 0.504406971875 0.569338375 0.514640525 0.5678132515625001 0.524589278125 0.5603200296875
12 0.4826569546875 0.573218103125 0.493881184375 0.5661730828125 0.4923236765625 0.4494389859375 0.4895250875 0.436186071875 0.48700386562500003 0.4301789359375 0.48031689999999994 0.42622877499999995 0.4681837578125 0.424739178125 0.45762080625 0.4279623015625 0.45278139531250006 0.43597064531249996 0.44951960625 0.44741402656249996 0.4529990046875 0.56332979375 0.4596686265625 0.570261215625 0.4714550234375 0.5764300734375001 0.4826569546875 0.573218103125
12 0.44888558593749994 0.44655108437499996 0.44744919687499995 0.418840065625 0.4433701765625 0.4059907375 0.42356930156250006 0.4043673 0.4175436140625 0.3965952421875 0.40920469375 0.4019868765625 0.40368170625 0.4176501640625 0.40874368125 0.53614918125 0.41348645937499995 0.54475071875 0.423365834375 0.549182540625 0.43967215312499996 0.5473374796875 0.45187219531249995 0.53732793125 0.44888558593749994 0.44655108437499996
7 0.407416171875 0.5446447609375 0.40631676250000004 0.459012109375 0.40456088437500004 0.4312955140625 0.398228096875 0.421388409375 0.397638675 0.41285936875000007 0.3957911203125 0.400900865625 0.393601775 0.392769834375 0.3933937875 0.3735990109375 0.3809510671875 0.370400259375 0.3735681359375 0.3762345171875 0.37506646875 0.393298175 0.37147528125 0.406439559375 0.37107650312499996 0.42006259999999995 0.362962915625 0.44164379687500005 0.3638197921875 0.459122196875 0.366130403125 0.501330353125 0.3646220140625 0.5409162249999999 0.36801497968749997 0.5618463921875 0.3746722125 0.5709072859375001 0.38172574375 0.5667710296874999 0.386166375 0.5723857296875 0.3922341859375 0.5729175796875 0.3980320609375 0.56492596875 0.402826871875 0.5645837234375 0.4070124375 0.55911959375 0.407416171875 0.5446447609375
12 0.316547690625 0.511113325 0.318182303125 0.5047527921875 0.3252630890625 0.49593169843749996 0.347862840625 0.40091615 0.345683409375 0.391081540625 0.3399871203125 0.3816114859375 0.33075167968749997 0.376339028125 0.3151215046875 0.37180682656249997 0.30583155156249997 0.375904046875 0.28285284375 0.4811354828125 0.28405646562500003 0.493934621875 0.2856217 0.49949913125 0.29324483125 0.5072990703125 0.30599960625 0.5117810828125 0.316547690625 0.511113325
12 0.5089002171875 0.34622548750000004 0.5044125078125 0.34870278125 0.4919697875 0.34550402812500003 0.47948742343750006 0.3491195875 0.42421833593749997 0.3477289234375 0.418465059375 0.3480544375 0.41489369375 0.3577886640625 0.41416799375 0.3726838140625 0.41564154843749995 0.394006415625 0.4223012578125 0.4026414140625 0.4928859859375 0.40770691406250004 0.515562259375 0.40938054375000005 0.527093590625 0.404470571875 0.5313064125 0.394321603125 0.5330029671875 0.3773137109375 0.5311851453124999 0.3602444765625 0.52611296875 0.3533409390625 0.51142639375 0.3513808328125 0.5089002171875 0.34622548750000004
12 0.5330252671875 0.3734806625 0.5338722328125 0.392662640625 0.5382955218750001 0.4012586015625 0.5814066890625 0.40541861093750003 0.58908433125 0.4038488734375 0.6216449359375 0.409102534375 0.6290229125 0.404120065625 0.6338078109375 0.40548140000000005 0.6374956328125 0.3757301375 0.6372777328125 0.3582628921875 0.61780378125 0.3553673453125 0.614304271875 0.3527506359375 0.6082240734375 0.35434825625 0.56414205 0.3523009890625 0.5596741625 0.3513711265625 0.5558254296875 0.353859571875 0.53505865625 0.3534970875 0.5330252671875 0.3734806625
12 0.640792109375 0.35832423593749996 0.6403536875 0.3787615875 0.6431027203124999 0.400532390625 0.6526551734375 0.4062363203125 0.7012174734375 0.407083978125 0.7449254984375 0.4184953453125 0.75621415 0.4003770703125 0.759203528125 0.3808361203125 0.7583293062500001 0.3663389796875 0.7538911515625 0.3602983859375 0.7241712578125 0.3610574359375 0.7171697609375001 0.356249909375 0.7047171296875 0.3547547359375 0.6944810984374999 0.356705753125 0.6705194359375 0.3562875015625 0.640792109375 0.35832423593749996
57 0.7455694312500001 0.417654709375 0.7445737968749999 0.42402639531249997 0.75191460625 0.42543234218750003 0.7595823390625001 0.42556618281249997 0.7733872578125001 0.41430683281249997 0.7741228703125 0.39770810624999997 0.7696822375 0.3920934046875 0.7632850265625 0.3932595546875 0.7617173171875 0.3881209375 0.7581979828125001 0.38891138281250004 0.757182528125 0.3986902234375 0.7455694312500001 0.417654709375
45 0.6773473453125 0.4458535859375 0.679554034375 0.4510033546875 0.6878087109375 0.46009212968749996 0.6929254859375 0.45932956875000003 0.6939211203125 0.45295788281249993 0.686647209375 0.4400527875 0.6773473453125 0.4458535859375
45 0.6547776171875 0.425866496875 0.6432561984375 0.429072890625 0.64194603125 0.4345872125 0.6541113843749999 0.43054018281250006 0.6547776171875 0.425866496875
45 0.5720126703124999 0.42740339374999997 0.5730182140625 0.4193281296875 0.563431071875 0.419586725 0.5592578953125 0.4229213828125 0.5601891046875 0.42762295000000006 0.5720126703124999 0.42740339374999997
45 0.5153689921875 0.44260030468749995 0.5121344609375 0.44935884843749996 0.520096903125 0.45375720937499997 0.5226949359375 0.44656161875 0.5153689921875 0.44260030468749995
45 0.47548987968749995 0.43210764687500003 0.46589530312500005 0.43364392343749997 0.46810199218750004 0.43879369218750003 0.4770551125 0.43767215625 0.47548987968749995 0.43210764687500003
57 0.5565304359375001 0.6720472859375 0.5597575359375 0.6665664265625 0.5501629609375 0.668102703125 0.5357884421875 0.6674258578125001 0.5338417765625 0.6725031296874999 0.5369945421875 0.6797991015625 0.54306730625 0.6794791640625 0.5494397390625 0.6825719578125 0.5565304359375001 0.6720472859375
57 0.562994546875 0.6593819890625 0.5667317781250001 0.676058790625 0.5881003640625 0.6828208453125 0.601561015625 0.6758148609375 0.602224771875 0.671567071875 0.587275696875 0.6598058171875001 0.562994546875 0.6593819890625
57 0.614868190625 0.640268378125 0.60174189375 0.644724571875 0.59880455 0.6553217421875 0.607289515625 0.6797482921875 0.6188803125 0.6646168546875 0.61605446875 0.6560487765625 0.6234374 0.65021451875 0.614868190625 0.640268378125
57 0.34448911875 0.59636263125 0.3338964328125 0.6046964890625001 0.3241482328125 0.6326382171875 0.3479811953125 0.600257025 0.34448911875 0.59636263125
57 0.38048625937499997 0.0658467421875 0.376511159375 0.09005580156250001 0.38035245781250004 0.08884503906249999 0.38333935937499997 0.06972998281250001 0.38048625937499997 0.0658467421875
38 0.372919246875 0.3779269421875 0.374152603125 0.385615346875 0.380854434375 0.387010140625 0.39364389843750003 0.38552962968750004 0.394032765625 0.373610165625 0.38733588750000003 0.37136358281250004 0.37870473437499996 0.37206480000000003 0.372919246875 0.3779269421875