12 0.5073079953125 0.5305895828125 0.5042198 0.539055359375 0.5067028171875 0.5626947609374999 0.5113245203125001 0.571678853125 0.520076596875 0.5727542890625 0.5215933328125 0.5631712828125 0.523688478125 0.5558376578125 0.5234863546875 0.5400696 0.5226950328125 0.530500025 0.51498434375 0.47704214062499994 0.5103790171875 0.4686211390625 0.5039513734375001 0.46809536406249996 0.49871889999999997 0.48220549375 0.49829906875 0.5030458546875 0.5067511546875 0.5114444671875 0.5057473203125 0.5210244875 0.5073079953125 0.5305895828125
45 0.5092018109375 0.56042746875 0.51401445625 0.5671577015625 0.5163768375 0.5513747171875 0.51465798125 0.5451896640625 0.5121262296875 0.5463307734375 0.5092018109375 0.56042746875
54 0.44492858437500005 0.405361946875 0.43112938125 0.4071318234375 0.42938895 0.41784250468749995 0.4338197140625 0.42908045625 0.4300113 0.43923998593749997 0.43651563906249996 0.4600400484375 0.44034602031250003 0.4594545671875 0.4446509578125 0.448728959375 0.44728616875 0.433507575 0.45326083281249996 0.4272777453125 0.4533535046875 0.42164533437499996 0.44492858437500005 0.405361946875
6 0.481791965625 0.402894646875 0.48574737968750004 0.37133315625 0.482555328125 0.367409425 0.47835984218750005 0.3995355 0.481791965625 0.402894646875
6 0.50442711875 0.5373645921875 0.5065550203125 0.5311571500000001 0.49883394062499997 0.51261691875 0.49802104687500004 0.5199430796875 0.5024681875 0.531744125 0.50442711875 0.5373645921875
6 0.4988447265625 0.5041690515624999 0.4985938671875 0.5131815046875 0.5049615921874999 0.520465871875 0.5054852796875 0.5120150203125 0.4988447265625 0.5041690515624999
6 0.4990844015625 0.4771346828125 0.49599061562499996 0.4765895015625 0.49678752968750006 0.4951700328125 0.4990844015625 0.4771346828125
6 0.558692784375 0.65700758125 0.5616391703125 0.6524849374999999 0.5554567921875 0.6339357484375 0.552717725 0.6367676265625 0.5554024671875 0.6497053 0.558692784375 0.65700758125
6 0.5328671671875 0.624493046875 0.5227401640625 0.629057484375 0.5237060484375 0.63581010625 0.530035425 0.6329573328125 0.5328671671875 0.624493046875
27 0.531923253125 0.627314475 0.5280713 0.644795690625 0.5360979625 0.6650237046874999 0.5405175421874999 0.6582397390625 0.5423997796875 0.643585921875 0.5372324203125001 0.63347863125 0.534171390625 0.634059634375 0.531923253125 0.627314475
27 0.5409058078125 0.71568255 0.532170109375 0.71517020625 0.5289021578125 0.7439117609375 0.5384291796875 0.753993678125 0.5409058078125 0.71568255
6 0.5832972562500001 0.7621803421875 0.5721061015625 0.7566136078125 0.5721444499999999 0.76675075 0.582020596875 0.7711987640625 0.5832972562500001 0.7621803421875
6 0.5753464921875 0.709287040625 0.566441821875 0.720602609375 0.5687718484375 0.730163225 0.5770817296875 0.7160351859375 0.5753464921875 0.709287040625
6 0.645747371875 0.872201515625 0.6364444453125 0.8874617109375 0.638659825 0.893080684375 0.6482192062500001 0.877819 0.645747371875 0.872201515625
6 0.679987521875 0.955917090625 0.6688455015625 0.9520396312500001 0.6697023328125 0.9638615703125 0.6797694171875001 0.966055725 0.679987521875 0.955917090625
6 0.5971579671875 0.8595310171874999 0.5899278171875 0.83141375 0.58799085625 0.8353673296874999 0.594691725 0.8629244921874999 0.5971579671875 0.8595310171874999
39 0.65479504375 0.9363521718750001 0.62785614375 0.8920171921875 0.5911665296875 0.83872796875 0.5833531734374999 0.8522899328125 0.6208832421875 0.9168380015625001 0.6358887953125001 0.9477259484375 0.65120513125 0.9628428546875 0.6600718515625 0.9678599312499999 0.6721525921875 0.9863747890625 0.67612478125 0.9818461734374999 0.6645078078125 0.9616390546875 0.65479504375 0.9363521718750001