7 0.5144330359375 0.38592012656249997 0.5171561390625 0.3877331828125 0.517961990625 0.390280934375 0.5223992015625 0.38926071875 0.5236566546875 0.3772166125 0.5215731921875 0.36917328125000004 0.5202233859375001 0.3590804640625 0.520340896875 0.3448886828125 0.5229632625 0.3366743859375 0.5269505390625 0.3322898984375 0.528526978125 0.3261087203125 0.5283389421875 0.31774713593750004 0.5259650359375 0.3092709953125 0.5236196750000001 0.306224975 0.5222547640624999 0.302395165625 0.5226257859375 0.29531563906249997 0.519634065625 0.29265333125000004 0.5170268078125 0.294604621875 0.514441371875 0.296139471875 0.5139612265625 0.3053012109375 0.5112011921875 0.3101676 0.507395234375 0.31706710781249997 0.506334203125 0.3253632328125 0.5059480749999999 0.3387057625 0.506011884375 0.355412565625 0.5066649609375 0.360875415625 0.5072962140625 0.366754709375 0.5058507234375 0.37043723281249996 0.5050364859375 0.37999905 0.506314096875 0.38549462968750003 0.5082598921875 0.3901900546875 0.51002436875 0.3923704609375 0.5128565968750001 0.39210130468750004 0.5144330359375 0.38592012656249997
7 0.3827438546875 0.610361490625 0.380900465625 0.5977372875 0.3783301375 0.5930091328125 0.37448891562500003 0.5886319578125 0.372143553125 0.5855859359375 0.37242727656249996 0.58017218125 0.3750781859375 0.5773880046875 0.37391641875000003 0.5756567734375 0.372151940625 0.57347636875 0.37063425625 0.5725616578125 0.3694943125 0.5704139828125 0.36897890312500004 0.5682990390625 0.3665244171875 0.56733523125 0.36494125781250003 0.5676698484375 0.36362671562500004 0.5688537171875 0.363829859375 0.5709522953125 0.3640111765625 0.5734673156250001 0.363880228125 0.575965971875 0.3624129125 0.5800649390625 0.3615483046875 0.5846130765625001 0.36242635 0.5917580640625 0.3633480453125 0.5980701640625 0.36480025625 0.6002342031250001 0.36572195 0.6065463046875 0.367384021875 0.6166554843750001 0.3689520765625 0.6225838734375 0.3712756140625 0.6260463374999999 0.3746887234375 0.626642796875 0.378167309375 0.6259899296875 0.382132759375 0.6220218859375 0.38330963281249997 0.6174901109375 0.3827438546875 0.610361490625
7 0.3167043828125 0.5141963125 0.315433490625 0.51454729375 0.3138066828125 0.515714796875 0.3120270984375 0.519797396875 0.31428516093750003 0.5245091875 0.316811840625 0.5300702296875001 0.3192445015625 0.5314504796875 0.3213212453125 0.53364725 0.3235725875 0.5325124765625 0.32345674375 0.5287481281249999 0.3233190765625 0.525400221875 0.32159825 0.5223869328124999 0.31934018750000004 0.517675140625 0.3167043828125 0.5141963125
20 0.4266272328125 0.3107463046875 0.42434734687500003 0.30645095625 0.42360696875 0.302653878125 0.422111109375 0.301322721875 0.4079717984375 0.302252059375 0.4044713890625 0.3033213703125 0.402110921875 0.3065383546875 0.40048411249999993 0.30770585625 0.397811378125 0.310906475 0.398951321875 0.3130541515625 0.4019866921875 0.3148835734375 0.4034607265625 0.31663116874999997 0.40493476250000005 0.31837876718749997 0.4102214734375 0.31907341875 0.4140341515625 0.31802047187500004 0.42061358125000003 0.3179476984375 0.4251380921875 0.3152617140625 0.4266272328125 0.3107463046875
13 0.48997209531249997 0.332857459375 0.49016851875 0.3291094765625 0.49011815 0.3240957984375 0.4898209890625 0.317816428125 0.489458353125 0.3127863859375 0.4841498171875 0.3125081765625 0.48138306406250003 0.3115280046875 0.4794876375 0.31184625625 0.47072905781249996 0.3176510359375 0.472862890625 0.33070804531250003 0.47694923749999996 0.3543070421875 0.475344253125 0.3550581015625 0.47117565937499994 0.35692756875 0.4658234734375 0.3574822453125 0.46562705 0.36123022968749996 0.46929367187500004 0.3689389453125 0.4739625703125 0.375447428125 0.4807165984375 0.3720431140625 0.4865640375 0.35606369375 0.489876409375 0.3466327984375 0.49058152499999996 0.3391531953125 0.48997209531249997 0.332857459375
57 0.50573129375 0.01422971875 0.506370934375 0.0079994421875 0.5034010375 0.0049206921875 0.500038296875 0.009337909375 0.49480195312499997 0.0136569359375 0.49376946562499996 0.027383178125 0.49553394375000004 0.0295635828125 0.5024625703125001 0.0228277265625 0.50573129375 0.01422971875
57 0.4784199375 0.39196690156249997 0.47582778281250004 0.3876551875 0.4729300828125 0.38917367187499996 0.47101283125000004 0.38990836562500003 0.46994508125 0.3923579265625 0.47110684999999997 0.39408915625 0.472762203125 0.39835177499999996 0.4736620734375 0.40508031874999995 0.47642882656249996 0.4060604921875 0.47682839218749995 0.4044110859375 0.477184309375 0.403594565625 0.477983440625 0.4002957546875 0.4774025578125 0.3994301390625 0.47969755000000003 0.3974624828125 0.47922578906249996 0.394514653125 0.4784199375 0.39196690156249997
57 0.44806629062500003 0.451343759375 0.4459677234375 0.44956343125 0.44344776250000006 0.44984895312499995 0.4423581890625 0.4527149546875 0.4428584921875 0.4610929046875 0.4440420859375 0.46240769375 0.4460029859375 0.46084011406250003 0.4495621515625 0.4526749125 0.44806629062500003 0.451343759375
57 0.172358415625 0.8845472125 0.17251118906250001 0.8816321140625 0.17426894843750002 0.87796595625 0.1747776390625 0.8742343375000001 0.1728318421875 0.8695389109375 0.1715173015625 0.870722778125 0.16975115624999998 0.8864985046875 0.1763591296875 0.8918558515624999 0.1747037765625 0.8875932328125 0.172358415625 0.8845472125
57 0.27403284375000003 0.35452989375 0.2745919015625 0.3558119515625 0.27746777968749997 0.3547099109375 0.275943375 0.3479486375 0.27384480624999996 0.3461683109375 0.2736920328125 0.34908340781249997 0.27403284375000003 0.35452989375
35 0.45976465468749994 0.6164859109374999 0.4558210296875 0.6200375124999999 0.453816478125 0.6224379765625 0.449661321875 0.63600056875 0.4495085484375 0.6389156671875 0.45058301875 0.6423126703125 0.45234749531249996 0.6444930734375001 0.45419927031249996 0.6450077078125 0.45700967343750004 0.6451549953125 0.46001649999999994 0.6415542984375 0.46266740781250004 0.6387701203125 0.46565240937499996 0.635585865625 0.468768359375 0.6299029546875 0.4679776140625 0.6210921984375 0.4665472265625 0.618511715625 0.46319959062500005 0.616665928125 0.45976465468749994 0.6164859109374999
33 0.44843059375000005 0.4384176703125 0.44835840156250006 0.4338204359375 0.448089784375 0.4329711859375 0.44416798281250003 0.43610634375 0.444777409375 0.4424020796875 0.4425697171875 0.442703965625 0.4422641703125 0.4485341625 0.44407229687500005 0.4498816828125 0.44565545625 0.44954706718750004 0.44900309375 0.4513928546875 0.45212576093749995 0.45155650625000004 0.451429034375 0.446926540625 0.45039821562500004 0.44269665312499995 0.44888052968750003 0.44178194218750005 0.44843059375000005 0.4384176703125
12 0.27956816562500003 0.5715473640625001 0.2797645890625 0.5677993796874999 0.27672921875 0.5659699578125 0.2700406640625 0.56812494375 0.2687042984375 0.5697252546875 0.2691760578125 0.5726730828125 0.27060644375 0.575253565625 0.2775636140625 0.573947828125 0.27956816562500003 0.5715473640625001