43 0.3563670359375 0.518799103125 0.35322233281250004 0.50299623125 0.354716628125 0.5013008828125 0.3558984796875 0.4996109921875 0.3569445078125 0.49458499062500005 0.35641135 0.4891692640625 0.35518539531250004 0.4820963984375 0.3530560734375 0.47587393437500003 0.34187609375 0.47773848281250003 0.3397399390625 0.47902773125 0.34115265156249996 0.49068775468750003 0.343366865625 0.49899529062500003 0.3463146640625 0.5022822796875 0.348848153125 0.5030726453125001 0.3501929546875 0.513064609375 0.3523493984375 0.5276328140625 0.35407455468750004 0.5392873796875 0.356407615625 0.5505140140625 0.3582924078125 0.558409990625 0.36084287656249997 0.5596173703125 0.361695309375 0.5575159249999999 0.36177005625 0.5516722671875 0.3606867609375 0.5404238015625 0.3587000984375 0.5300257375 0.3563670359375 0.518799103125
57 0.27740029375 0.622002421875 0.2819715921875 0.5960492984375 0.2796316984375 0.5923343765625 0.274157034375 0.6191379046875001 0.27740029375 0.622002421875
6 0.0035678078124999997 0.5236639421875 0.025729225 0.5304174500000001 0.028615945312500002 0.5245246703124999 0.0032527671874999996 0.5159260125 0.0035678078124999997 0.5236639421875
6 0.126504315625 0.68640045625 0.1431111265625 0.710314375 0.1479743640625 0.70689093125 0.13133359687499999 0.6821429875 0.126504315625 0.68640045625
6 0.396550246875 0.422950275 0.3973109546875 0.4262754734375 0.42109046406250006 0.426694684375 0.42005810156249995 0.41669725937499996 0.4006188203125 0.4153676078125 0.396550246875 0.422950275
6 0.7286889750000001 0.4405174640625 0.7331513578125 0.45796656249999995 0.7341497625 0.46712995625 0.74164835625 0.46699896250000006 0.7349038484375 0.43957427187500003 0.7286889750000001 0.4405174640625
6 0.6748997343750001 0.76278641875 0.671945103125 0.767011140625 0.6894144921875001 0.796752340625 0.69250495 0.79586373125 0.6929260937499999 0.7908486453125 0.6748997343750001 0.76278641875
6 0.18268826875 0.8990820828125001 0.1874699265625 0.909014009375 0.1924010765625 0.9072586234375001 0.18682475468749998 0.8931674703124999 0.1779066109375 0.8891501578125001 0.16995291562499998 0.8934622093750001 0.1700547859375 0.89596429375 0.17380408281249998 0.895898796875 0.18268826875 0.8990820828125001
6 0.19812027031249999 0.8787815796875 0.20033448125 0.8870891140625 0.226830928125 0.8774454046875 0.2302406609375 0.8690396249999999 0.2208334609375 0.8683693390625 0.19812027031249999 0.8787815796875
6 0.19268639375000002 0.8989074234375 0.19145691874999998 0.9147867109375 0.1888758078125 0.9281857453125 0.20265718906250002 0.9287796171875 0.198935225 0.8987982593750001 0.19268639375000002 0.8989074234375
6 0.44710898906249996 0.8660857171874999 0.452134965625 0.912736725 0.45772495625 0.91180445 0.454607584375 0.8659547218749999 0.44710898906249996 0.8660857171874999
6 0.5593982640624999 0.7673080078125001 0.5389332437500001 0.7868618140625 0.5422613968750001 0.7918114 0.561578521875 0.7747815140625 0.5593982640624999 0.7673080078125001
6 0.7572757890624999 0.727962509375 0.7599653921875 0.7479464390625 0.7668391046874999 0.7478263609375 0.7634906625 0.7270193171875 0.7572757890624999 0.727962509375
6 0.940101034375 0.825757896875 0.9369426640625 0.8249784484375 0.9367795031249999 0.8516891875000001 0.93802926875 0.8516673546875 0.940101034375 0.825757896875
6 0.8715945625 0.8787011890624999 0.8698217859374999 0.8812360218749999 0.8749769625000001 0.9003422609375 0.8786583484375001 0.8986087078124999 0.876138528125 0.8827949171875 0.8715945625 0.8787011890624999
6 0.92818105625 0.7633695140625 0.9363724484375 0.764895659375 0.9354080015624999 0.756566290625 0.9272505671875001 0.7558741734375001 0.92818105625 0.7633695140625
6 0.7726791937499999 0.9680644296875001 0.77217646875 0.9864348859375 0.7772094890625 0.9871815843749999 0.7775763875 0.9654750140624999 0.7726791937499999 0.9680644296875001
6 0.15712610625 0.2251544203125 0.1763819421875 0.23733736093750002 0.18034864374999998 0.22725260625 0.1592860734375 0.2167704734375 0.15712610625 0.2251544203125