7 0.46438335156250005 0.3893580828125 0.4674559703125 0.3908119984375 0.46866813125 0.393309971875 0.4730763265625 0.39159288281250004 0.4725553359375 0.37902104062499997 0.4692020859375 0.3710654890625 0.46629445937499997 0.3608923953125 0.4642780859375 0.3462842078125 0.465737084375 0.337444225 0.4691760734375 0.3323361046875 0.4698659453125 0.32574386875 0.46841342968750005 0.31717568906250004 0.46469640156249997 0.3088189109375 0.461826459375 0.30604050781250003 0.45984646875 0.3023086484375 0.459161784375 0.2949743546875 0.4556851125 0.29268778125 0.4532984765625 0.295086528125 0.4508715671875 0.2970538453125 0.45175763125 0.306545284375 0.449652925 0.311964034375 0.4467790921875 0.319630528125 0.44693760156250006 0.328319509375 0.44854992187500003 0.3420950390625 0.4511314546875 0.3592615984375 0.452625540625 0.36477957656250004 0.45415990468749995 0.3707289828125 0.4532283796875 0.37473264375 0.45383121718749997 0.3846857125 0.455972309375 0.3901432875 0.45867985312500004 0.3946776046875 0.46082224062500005 0.39665355 0.46369347968749997 0.395950321875 0.46438335156250005 0.3893580828125
7 0.36279490625 0.639936434375 0.3589986234375 0.6272351640625 0.3556440765625 0.622761246875 0.3510357984375 0.618839559375 0.3481658546875 0.61606115625 0.3476422703125 0.6104525796875 0.3499483546875 0.607190975 0.348493246875 0.6055860578125001 0.346350859375 0.603610115625 0.344652796875 0.6028982578125001 0.3431574140625 0.6008619140625 0.34230903281249997 0.59876516875 0.339640465625 0.5981439125 0.33806323437499997 0.59872634375 0.336890053125 0.60014143125 0.3374149328125 0.602268375 0.337980090625 0.6048267484375 0.33822174375 0.6074153234375 0.33733049375 0.611850415625 0.3371265203125 0.616656534375 0.3391052140625 0.623870028125 0.3410033546875 0.6302206609375001 0.3428222421875 0.63222680625 0.3447203828125 0.6385774390625001 0.3479515109375 0.6487203359375 0.35045637812499997 0.654579140625 0.35336659843749996 0.657788971875 0.3569653921875 0.6578881984375 0.360443359375 0.6566931390625 0.36392262343750004 0.6520164453125 0.3644500953125 0.6471801265625 0.36279490625 0.639936434375
7 0.28041883125 0.5510146312499999 0.2791651 0.551566859375 0.27766841875 0.5530121484375 0.27645366718750003 0.557477440625 0.2794847140625 0.56198155625 0.2829198109375 0.567318334375 0.28562865312499996 0.56837101875 0.288094540625 0.5703167625 0.2902382265625 0.5688110734375 0.2895522453125 0.5649584125 0.28890653906249997 0.5615371796875 0.2866835984375 0.5586983796875 0.2836525515625 0.5541942625 0.28041883125 0.5510146312499999
20 0.3627907765625 0.32529523125000004 0.3598000078125 0.3212225421875 0.358467021875 0.31743027968750004 0.35672868593749996 0.31628699375 0.3423322125 0.3193717203125 0.338894521875 0.3209982078125 0.3369522140625 0.32466104218749997 0.3354555328125 0.32610632968750003 0.333189725 0.3297993625 0.3346851078125 0.331835709375 0.33808122812499997 0.33325942343750004 0.3398598390625 0.3348341375 0.3416384515625 0.336408853125 0.347178253125 0.33632687968749997 0.3509394484375 0.3346701890625 0.3576927078125 0.33360455624999996 0.3619398015625 0.33016175 0.3627907765625 0.32529523125000004
13 0.43124452812499997 0.3384883015625 0.430882046875 0.3346054375 0.4300752375 0.329458490625 0.4288241015625 0.32304745625 0.4276937890625 0.3179307078125 0.422194259375 0.318444109375 0.41920219375 0.31785305468749997 0.4173014609375 0.318465684375 0.40917104843749996 0.325752525 0.4133311078125 0.338855021875 0.42108607343750004 0.3625016453125 0.419549115625 0.36351550312500003 0.415544971875 0.36606525156249997 0.4101259953125 0.3674415125 0.410488475 0.3713243734375 0.415418959375 0.37869749375 0.42119911875 0.3846857265625 0.4276301734375 0.3801686609375 0.4312354515625 0.362859728125 0.43322062656250004 0.35266505625 0.4328191671875 0.3448691359375 0.43124452812499997 0.3384883015625
57 0.3891462015625 0.0238600609375 0.391288590625 0.025836003125 0.3973974390625 0.01786750625 0.3985778546875 0.012535042187500001 0.388414859375 0.0134837984375 0.3891462015625 0.0238600609375
57 0.42826939687500004 0.40099805625 0.424955125 0.396955565625 0.42220471249999997 0.3989530859375 0.42034425468750003 0.3999971453125 0.419615403125 0.40267631875000004 0.42107051249999994 0.40428123437499996 0.423414278125 0.40841432343750006 0.42535269531250003 0.4151963875 0.4283447609375 0.4157874421875 0.4285071625 0.41403152656250003 0.42875011250000006 0.41313846875 0.429074909375 0.4096266359375 0.4283473546875 0.408824178125 0.4304104875 0.40645563281249997 0.42948155625 0.4034960296875 0.42826939687500004 0.40099805625
57 0.40600499375 0.46661410937500003 0.403579378125 0.46509979375 0.40103163906250006 0.465772825 0.400343065625 0.468883428125 0.40211908125000007 0.47742140781250003 0.403533915625 0.47859489374999997 0.405313821875 0.476687978125 0.40774332968750004 0.467757396875 0.40600499375 0.46661410937500003
57 0.187791103125 0.9535077718749999 0.187509175 0.9504877687500001 0.188764203125 0.9464539046875 0.1887252234375 0.9425408453124999 0.1860176796875 0.9380065249999999 0.1848445 0.9394216140625 0.18540446875 0.9559065171875 0.1930048140625 0.9604192625 0.1906610453125 0.9562861734375 0.187791103125 0.9535077718749999
57 0.21250414687500002 0.3932885171875 0.21327197656250002 0.394522403125 0.2160626640625 0.392956315625 0.21347724375000002 0.38623465 0.21105162812499997 0.3847203375 0.21133355781250002 0.3877403390625 0.21250414687500002 0.3932885171875
35 0.4429012 0.6346341343749999 0.43938166093750003 0.638879396875 0.43768230468749997 0.6416491734374999 0.43545288125 0.6562185328125001 0.43573481249999996 0.6592385359375 0.4373510234375 0.662569165625 0.4394934109375 0.6645451109375 0.441474696875 0.6647953390625 0.4443862125 0.6645235375 0.44693524531250006 0.660368875 0.4492413296875 0.6571072703125 0.451830640625 0.6533840375 0.454178296875 0.6470722296875 0.45203850156250003 0.63813301875 0.450179340625 0.635695446875 0.44645971875 0.6343019328125 0.4429012 0.6346341343749999
33 0.404432946875 0.45327001093749997 0.40366641249999996 0.44855449218750004 0.40326235937500005 0.4477218328125 0.39970254375000003 0.4515356671875 0.40127718437500004 0.457916503125 0.39905294687500004 0.45855933125000004 0.39961680624999996 0.46459933906249995 0.40167864375000006 0.465712425 0.40325587812499997 0.46512999375 0.40697549843749997 0.466523509375 0.41021051562500005 0.46622150625 0.408796978125 0.4615663890625 0.407100215625 0.4573728984375 0.4054021546875 0.4566610421875 0.404432946875 0.45327001093749997
12 0.2508762875 0.615569371875 0.2505138078125 0.6116865109375 0.24711768906249998 0.6102627968750001 0.24056580625 0.613485575 0.23943290312499999 0.615332090625 0.24036183437499997 0.6182916953125 0.24222099687499998 0.6207292671875 0.24917693125 0.618339146875 0.2508762875 0.615569371875