43 0.46018276562500005 0.3330249453125 0.47641112343750003 0.330155309375 0.478207171875 0.33174022812500004 0.47998818906249996 0.3330021484375 0.485211015625 0.33420393125 0.49078892500000004 0.3337832078125 0.4980576796875 0.3326864234375 0.5044208984375 0.33063567968749996 0.5021589671875 0.31903784218750003 0.5007630875 0.31679941093749997 0.488761846875 0.3179788875 0.48024749843750003 0.320067215625 0.476940946875 0.32303433125000003 0.4762007234375 0.3256333453125 0.4659203859375 0.32678275156250003 0.45093761875 0.3286608421875 0.43895140625 0.330163315625 0.42742547656249996 0.3323042671875 0.4193263265625 0.33406208125000003 0.4181558765625 0.3366686125 0.42035209218749997 0.3376000171875 0.42639028437500004 0.33781777343749997 0.4379763296875 0.3369688140625 0.44865683437500004 0.33516589375 0.46018276562500005 0.3330249453125
57 0.351210025 0.24894184218749998 0.37815455 0.254289725 0.3819213828125 0.25196108906250003 0.3540713203125 0.2456592453125 0.351210025 0.24894184218749998
6 0.28015755000000003 0.0914626640625 0.255955871875 0.1080485359375 0.2596381375 0.11315635625 0.284700265625 0.09655545 0.28015755000000003 0.0914626640625
6 0.5603933171875 0.376853646875 0.5569815671875 0.377559778125 0.5572632859375 0.4021226171875 0.5675586546875 0.40129620781249997 0.5683477859375 0.38124030000000003 0.5603933171875 0.376853646875
6 0.55223095 0.7196518734375 0.5343418015625 0.7238435671875 0.5249068875 0.724654940625 0.5252675734375 0.7324068796875001 0.553391975 0.7260967875000001 0.55223095 0.7196518734375
6 0.217740828125 0.6563187125 0.21328828125000002 0.653163909375 0.183093496875 0.67050101875 0.1841042359375 0.6737159578125 0.189297003125 0.6742717453125 0.217740828125 0.6563187125
6 0.062166187500000004 0.1444071046875 0.05205116562499999 0.149109484375 0.054012526562499996 0.1542473734375 0.06839975312499999 0.148823828125 0.0722812140625 0.139704728125 0.0675882109375 0.13138196875000002 0.065006853125 0.131427071875 0.06518719687499999 0.135303040625 0.062166187500000004 0.1444071046875
6 0.0835985234375 0.16084214218749998 0.0750841734375 0.1629304734375 0.085841603125 0.19054287187500002 0.094626465625 0.19426849375 0.09503605937500001 0.1845635375 0.0835985234375 0.16084214218749998
6 0.062647103125 0.1547430234375 0.046208345312499996 0.15309069375 0.0322908265625 0.150101271875 0.03209163125 0.1643281921875 0.06294767343749999 0.161202971875 0.062647103125 0.1547430234375
6 0.10419584374999999 0.4184437359375 0.056160818749999994 0.4225156421875 0.057291784375 0.42831456093750003 0.1045565296875 0.42619567343750003 0.10419584374999999 0.4184437359375
6 0.20959889999999998 0.5368547718750001 0.1887865640625 0.515236740625 0.1837741359375 0.5185569234375 0.20194500468749998 0.5389280671875001 0.20959889999999998 0.5368547718750001
6 0.25618656562500003 0.7422806375000001 0.235625890625 0.744579453125 0.23595651874999998 0.7516853953125 0.25734758750000003 0.7487255515625 0.25618656562500003 0.7422806375000001
6 0.1606682203125 0.9288543375 0.1613783875 0.925609328125 0.133783809375 0.92479844375 0.133843921875 0.9260904312499999 0.1606682203125 0.9288543375
6 0.10392374062500001 0.856789059375 0.10125221250000001 0.8548961796875 0.08167221875 0.8597639375 0.083573465625 0.8636098359375 0.0998318796875 0.861386196875 0.10392374062500001 0.856789059375
6 0.22475126093750003 0.9180368265625001 0.2234211 0.9264648281250001 0.2319955625 0.9256684875 0.23246527343749998 0.9172555203125 0.22475126093750003 0.9180368265625001
6 0.7575015515625 0.1341972078125 0.7454964859375 0.15380256875 0.756032309375 0.15814411875 0.7662262984375 0.136630840625 0.7575015515625 0.1341972078125